DJI_0322_JPG.rf.003d639fe90476e836783438c4e8a2ac.jpg 3,0.043125,0.180000,0.086250,0.360000 3,0.975000,0.371667,0.047500,0.743333 5,0.931875,0.157500,0.133750,0.315000 5,0.010625,0.049167,0.021250,0.098333
DJI_0260_JPG.rf.0505f28fcf91d64b7027288d0f10ac42.jpg 3,0.316250,0.112500,0.405000,0.225000 3,0.213026,0.687917,0.296053,0.312500 5,0.313750,0.005000,0.227500,0.010000 5,0.120000,0.705833,0.240000,0.238333
DJI_0324_JPG.rf.052ae995e4ad3b879f2ee2b35b3a0015.jpg 3,0.196405,0.274942,0.392811,0.463217 5,0.200625,0.229254,0.156250,0.361842 5,0.362845,0.253180,0.135691,0.356360
DJI_0270_JPG.rf.073c7fec5664fc741da40c1a65ba3e47.jpg 3,0.523750,0.053333,0.195000,0.106667 5,0.616250,0.028333,0.105000,0.056667 5,0.970000,0.014167,0.057500,0.028333 4,0.512500,0.035833,0.072500,0.071667
DJI_0327_JPG.rf.04718f6d81a00f35b746191f6fd05005.jpg 3,0.894375,0.210833,0.118750,0.421667 4,0.856875,0.018333,0.093750,0.036667 5,0.980625,0.074167,0.036250,0.148333
DJI_0308_JPG.rf.08fef2c09844a087320af40d9db0b2d8.jpg 3,0.420625,0.907500,0.243750,0.181667
DJI_0261_JPG.rf.01b8557cc35f814b020b1154a97e57e4.jpg 3,0.323125,0.055000,0.201250,0.110000 3,0.010000,0.906667,0.020000,0.183333 5,0.346250,0.001667,0.272500,0.003333
DJI_0315_JPG.rf.06b5176f8601463d99a33d9caab6ed31.jpg 3,0.210000,0.767500,0.197500,0.461667 3,0.781250,0.779167,0.437500,0.438333 3,0.332270,0.719145,0.222039,0.378289 3,0.852911,0.748947,0.250822,0.241228 3,0.809375,0.952500,0.238750,0.091667 4,0.440859,0.730182,0.114218,0.190363
DJI_0323_JPG.rf.093f8cd0d24e98f117f7767b5be66b2d.jpg 1,0.528125,0.899167,0.133750,0.198333
DJI_0303_JPG.rf.001ad9009bc78262476833852f9735d4.jpg 3,0.633305,0.756295,0.294111,0.449257 3,0.857700,0.367818,0.167900,0.452303 3,0.949375,0.185833,0.098750,0.371667 5,0.938750,0.454167,0.120000,0.321667 5,0.951250,0.220833,0.095000,0.291667 5,0.832983,0.541049,0.178465,0.298764 4,0.630006,0.620235,0.115011,0.100469 4,0.708497,0.732360,0.116994,0.071386 4,0.988750,0.014167,0.020000,0.028333 1,0.860257,0.548656,0.138013,0.250645
DJI_0278_JPG.rf.0c007dda0e22fe72eb8224f23471df4d.jpg 3,0.871875,0.192500,0.253750,0.385000 5,0.871362,0.289194,0.222725,0.308388 5,0.963125,0.085000,0.071250,0.170000
DJI_0325_JPG.rf.0b1a981890b7f6ec7079dd5b33ea0092.jpg 3,0.325625,0.478333,0.238750,0.466667 5,0.422500,0.314167,0.180000,0.298333
DJI_0306_JPG.rf.0de9c5b63f665e1e9bca000f825140ea.jpg 3,0.803125,0.845000,0.391250,0.306667 3,0.712385,0.693794,0.267270,0.180921 4,0.791762,0.898675,0.078525,0.184018
DJI_0301_JPG.rf.088cefbb5ace39c701f148624ad38591.jpg 2,0.230625,0.960000,0.191250,0.076667
DJI_0258_JPG.rf.0c4380c012e940ff668b008ffe35a52c.jpg 3,0.160625,0.270833,0.321250,0.238333 3,0.158750,0.812500,0.317500,0.161667 5,0.103125,0.424167,0.206250,0.158333 5,0.115625,0.726667,0.231250,0.146667 5,0.121540,0.928776,0.225580,0.114218
DJI_0313_JPG.rf.06537493e8afd458691c4be5b7df89e6.jpg 3,0.900000,0.909167,0.197500,0.178333
DJI_0326_JPG.rf.0b21b8b4d21c987f78810e91d47f1725.jpg 3,0.318125,0.965000,0.203750,0.066667 3,0.419375,0.872500,0.246250,0.251667 5,0.350000,0.934167,0.202500,0.128333 5,0.226250,0.966667,0.207500,0.063333
DJI_0297_JPG.rf.03c980e6aa223daf9e4470ca8e592f23.jpg 5,0.203750,0.230000,0.182500,0.316667 3,0.278125,0.223333,0.173750,0.446667 3,0.150000,0.340833,0.190000,0.455000
DJI_0274_JPG.rf.0fb53de7a4c61a7563873c02c4045f10.jpg 3,0.054375,0.328333,0.108750,0.090000
DJI_0320_JPG.rf.142b3821508c5f5e766d828779a60cf4.jpg 1,0.078125,0.685000,0.156250,0.190000
DJI_0304_JPG.rf.108beaa9fcd0abecbe7432b2c4d98a01.jpg 3,0.151250,0.113333,0.160000,0.226667 3,0.455625,0.052500,0.178750,0.105000 3,0.975000,0.919167,0.047500,0.158333 4,0.221875,0.087500,0.066250,0.135000 5,0.925000,0.910000,0.147500,0.176667 5,0.979375,0.856667,0.038750,0.283333 5,0.727500,0.053333,0.192500,0.106667 5,0.565625,0.065000,0.181250,0.130000 5,0.435625,0.093333,0.181250,0.186667 5,0.115000,0.163333,0.175000,0.326667 5,0.016875,0.228333,0.033750,0.310000
DJI_0308_JPG.rf.127e32c136b3a0bba547376ca0a4da4f.jpg 3,0.868125,0.153333,0.261250,0.303333 4,0.943016,0.237623,0.106033,0.165246
DJI_0276_JPG.rf.03b69251656615a49d87d4782d881273.jpg 4,0.400625,0.756667,0.101250,0.070000 5,0.372500,0.903333,0.227500,0.166667 3,0.417500,0.823333,0.175000,0.080000 3,0.314375,0.035000,0.256250,0.070000
DJI_0313_JPG.rf.1039f7f8368130730ed643c033893d2d.jpg 3,0.900000,0.087500,0.197500,0.175000 5,0.845000,0.160833,0.187500,0.308333
DJI_0305_JPG.rf.14e8c4e05680fc36b7091f9412b16fd8.jpg 2,0.765625,0.870833,0.123750,0.215000 2,0.855000,0.659167,0.115000,0.195000 2,0.946875,0.444167,0.103750,0.211667
DJI_0325_JPG.rf.19b37f9fda0a7be0865d438a068eacee.jpg 3,0.953750,0.669167,0.090000,0.658333 5,0.961875,0.587500,0.073750,0.115000
DJI_0329_JPG.rf.0ed1efe5af0d89752bc64ff7df9fc3b3.jpg 3,0.200000,0.167500,0.382500,0.335000 3,0.322500,0.022500,0.235000,0.045000 5,0.244375,0.066667,0.223750,0.133333 5,0.090625,0.357500,0.181250,0.241667
DJI_0277_JPG.rf.12152c83e6ea424bd4ec0b882f964149.jpg 5,0.536250,0.494167,0.215000,0.265000 3,0.351250,0.945833,0.250000,0.105000 3,0.535000,0.625833,0.307500,0.321667
DJI_0276_JPG.rf.0f1d7b5323f2996ef855f1e710cbfa82.jpg 5,0.750000,0.820000,0.122500,0.126667 5,0.829375,0.650833,0.241250,0.128333 5,0.875625,0.078333,0.228750,0.156667 5,0.846875,0.003333,0.233750,0.006667 3,0.823750,0.024167,0.217500,0.048333 3,0.805000,0.725833,0.250000,0.045000 3,0.771875,0.887500,0.181250,0.071667
DJI_0264_JPG.rf.1c04d29a49c14d63cab481678f6f377e.jpg 3,0.413125,0.064167,0.351250,0.128333
DJI_0279_JPG.rf.16e30efad1ec2358217ebb2fad0649f9.jpg 3,0.630625,0.164167,0.281250,0.328333 5,0.649375,0.030000,0.258750,0.060000
DJI_0273_JPG.rf.13abf0cc4fb6ca2dee8da2751d51b1a8.jpg 3,0.349375,0.091667,0.356250,0.183333 3,0.077500,0.270000,0.155000,0.500000 5,0.321875,0.036667,0.218750,0.073333 5,0.050000,0.252500,0.100000,0.328333
DJI_0315_JPG.rf.1551cceea4f41edffe3537d042d80fb2.jpg 3,0.210000,0.011667,0.197500,0.023333 3,0.781250,0.057500,0.437500,0.115000 3,0.809375,0.096667,0.238750,0.193333
DJI_0274_JPG.rf.1039aea32948f23b1ccfc54488f80a7d.jpg 5,0.288125,0.700000,0.093750,0.156667 5,0.161875,0.592500,0.098750,0.315000 3,0.224375,0.667500,0.053750,0.381667 3,0.341875,0.680833,0.051250,0.241667
DJI_0305_JPG.rf.1654bc33e2f385727daecb4ffdf8467e.jpg 4,0.490000,0.655833,0.112500,0.075000 3,0.428750,0.698333,0.250000,0.156667 3,0.527500,0.368333,0.250000,0.153333 3,0.630000,0.063333,0.247500,0.126667 3,0.915000,0.953333,0.122500,0.090000 5,0.707500,0.058333,0.227500,0.116667 5,0.650000,0.181667,0.237500,0.223333 5,0.584375,0.326667,0.206250,0.196667 5,0.546250,0.505833,0.235000,0.225000 5,0.433125,0.815833,0.228750,0.225000
DJI_0314_JPG.rf.1ee12f170c43b03a9db23a8084fb4744.jpg 3,0.405329,0.588158,0.325658,0.526316 5,0.376870,0.612003,0.198739,0.310673 4,0.432254,0.420656,0.089508,0.134645
DJI_0310_JPG.rf.16ed87bdab9164c93fcfc6382a43c83a.jpg 1,0.176875,0.900833,0.251250,0.195000
DJI_0286_JPG.rf.1c7c31f2aa255d734671cabeeb2ddecb.jpg 2,0.495000,0.495833,0.105000,0.151667 2,0.396875,0.455833,0.106250,0.178333
DJI_0324_JPG.rf.223e12c0a7e10fe5f37ce2e63bcc6a2c.jpg 3,0.727500,0.985833,0.187500,0.025000 5,0.583750,0.962500,0.105000,0.071667
DJI_0264_JPG.rf.1ec1cfc0cac6f63b1fc7f3d53a2755c9.jpg 3,0.732500,0.090000,0.532500,0.166667
DJI_0261_JPG.rf.20954c5a87f5bd778d6f0471306d0ae8.jpg 3,0.835625,0.906667,0.326250,0.183333 5,0.830921,0.821974,0.236842,0.203947
DJI_0298_JPG.rf.18b31e25e16a3f85c4a756febdb57fdb.jpg 3,0.580625,0.980000,0.163750,0.036667 5,0.975625,0.732500,0.046250,0.318333 5,0.937500,0.847500,0.122500,0.301667 5,0.465000,0.968333,0.135000,0.060000 4,0.600000,0.973333,0.080000,0.050000
DJI_0264_JPG.rf.238c8f35aa9f256d3cfabdc85cf9b090.jpg 1,0.431020,0.648246,0.222039,0.263158
DJI_0270_JPG.rf.25644ca1d41fffa211696852d3694faa.jpg 3,0.735000,0.840833,0.227500,0.315000 3,0.294824,0.656893,0.152148,0.383786 5,0.368575,0.595581,0.109649,0.287829 5,0.793750,0.870833,0.117500,0.255000 4,0.632308,0.884940,0.044616,0.143213
DJI_0301_JPG.rf.19c165fc372a2dff8c8f7a50690dd7ff.jpg 3,0.217500,0.750000,0.435000,0.273333 3,0.773125,0.237500,0.423750,0.301667 5,0.603125,0.320833,0.246250,0.218333 5,0.108750,0.618333,0.217500,0.216667
DJI_0293_JPG.rf.220e440b7d02272365911256432f226d.jpg 5,0.520625,0.257500,0.228750,0.231667 5,0.451875,0.436667,0.253750,0.240000 3,0.518750,0.425000,0.405000,0.406667
DJI_0275_JPG.rf.168a749c77baab48cfea80bf5b3682c9.jpg 3,0.937500,0.810000,0.095000,0.370000 3,0.345000,0.821667,0.255000,0.350000 3,0.116875,0.825000,0.103750,0.346667 5,0.052500,0.845833,0.105000,0.305000 5,0.161250,0.805833,0.137500,0.305000 5,0.960625,0.830000,0.076250,0.300000
DJI_0280_JPG.rf.1cc4b1702b1c829b025358dc22fda371.jpg 3,0.217500,0.590000,0.212500,0.206667
DJI_0320_JPG.rf.1714d3480e0cdfd770e26b30ca926364.jpg 3,0.053125,0.837500,0.106250,0.225000 5,0.200000,0.582500,0.140000,0.285000 5,0.959375,0.993333,0.081250,0.010000 1,0.090000,0.923333,0.180000,0.150000
DJI_0327_JPG.rf.18814c0321966a728a609f7ce1c19dfe.jpg 5,0.040625,0.074167,0.081250,0.148333
DJI_0283_JPG.rf.28c0881011b3fa0dd6447d575c1b4688.jpg 3,0.068125,0.667500,0.136250,0.188333 3,0.098750,0.392500,0.197500,0.275000 5,0.063750,0.211667,0.127500,0.243333 4,0.008750,0.729167,0.017500,0.108333 4,0.027500,0.605000,0.055000,0.076667
DJI_0324_JPG.rf.26e4b59d10b56abac113d1f534dbcb48.jpg 3,0.881250,0.973333,0.235000,0.050000 5,0.945625,0.955000,0.106250,0.086667
DJI_0284_JPG.rf.240385a174cde3b6d7d51376eaab6227.jpg 3,0.734150,0.111305,0.335800,0.095943 3,0.725917,0.201098,0.251834,0.132197
DJI_0324_JPG.rf.2ddd1699cea446f7d3ba3ebd24821d1d.jpg 3,0.727500,0.345833,0.187500,0.691667 5,0.583750,0.109167,0.105000,0.218333
DJI_0305_JPG.rf.1e66a8f4dcd16f2592fbfcf105224d5d.jpg 4,0.890000,0.285833,0.090000,0.085000 3,0.012500,0.057500,0.025000,0.115000 3,0.831875,0.159167,0.333750,0.318333 3,0.676250,0.409167,0.215000,0.205000 3,0.561875,0.789167,0.228750,0.215000 3,0.441875,0.989167,0.223750,0.018333 5,0.321875,0.985833,0.243750,0.025000 5,0.419375,0.920833,0.231250,0.155000 5,0.485000,0.844167,0.227500,0.261667 5,0.571875,0.704167,0.226250,0.255000 5,0.629375,0.494167,0.228750,0.265000 5,0.711250,0.359167,0.215000,0.248333 5,0.743750,0.173333,0.262500,0.283333 5,0.764375,0.051667,0.276250,0.103333 5,0.060625,0.055000,0.121250,0.110000 5,0.045625,0.171667,0.091250,0.220000 5,0.020625,0.335833,0.041250,0.215000
DJI_0314_JPG.rf.2486879a481ce23c7fbbceb1a1bda900.jpg 3,0.779375,0.054167,0.438750,0.108333 3,0.237500,0.018333,0.342500,0.036667 5,0.726250,0.047500,0.227500,0.095000
DJI_0318_JPG.rf.1cc8d49b7e2e6cb6ee87672edc9c302f.jpg 4,0.823125,0.000833,0.088750,0.001667 4,0.808125,0.035833,0.086250,0.068333 3,0.660000,0.093333,0.252500,0.186667 5,0.655625,0.093333,0.143750,0.186667
DJI_0314_JPG.rf.2b94cb2cc33c00c8638329bbebd27446.jpg 1,0.674230,0.104663,0.120960,0.155992 3,0.782024,0.180303,0.396548,0.317272 5,0.766821,0.277083,0.216141,0.290832
DJI_0271_JPG.rf.2ab6292b29901e866bc19b74319d9b62.jpg 3,0.865625,0.832500,0.166250,0.331667 5,0.968750,0.859167,0.060000,0.278333 5,0.752845,0.811952,0.135691,0.290570
DJI_0318_JPG.rf.2f91c27cdbe0bdc7626a151ebbcb4207.jpg 3,0.594375,0.846667,0.076250,0.303333 3,0.330625,0.905833,0.273750,0.185000 5,0.316875,0.995833,0.128750,0.005000
DJI_0326_JPG.rf.2c5709d7335bf4477595729ac6f2483e.jpg 5,0.626875,0.851667,0.141250,0.293333
DJI_0330_JPG.rf.27cf12b9d7fb468a474e55c260bf5c72.jpg 3,0.953125,0.148333,0.091250,0.230000 5,0.554375,0.787500,0.231250,0.198333 3,0.555625,0.891667,0.391250,0.213333
DJI_0301_JPG.rf.272e77d3903ce8084fc5fc49e5714490.jpg 2,0.230625,0.040833,0.191250,0.081667 2,0.910000,0.800000,0.157500,0.123333 2,0.875625,0.940833,0.168750,0.115000
DJI_0309_JPG.rf.2ba0998a678544ae9646fd5b28d96717.jpg 3,0.023750,0.670000,0.047500,0.430000 5,0.088125,0.622500,0.176250,0.321667
DJI_0320_JPG.rf.29379ab07c2e6c3b3cc8d85e92ac7999.jpg 5,0.015000,0.162500,0.030000,0.325000
DJI_0318_JPG.rf.29cc0d723f1c581d8c1d5bda22357d2e.jpg 2,0.561875,0.103333,0.116250,0.196667 2,0.428125,0.327500,0.171250,0.235000 2,0.344375,0.242500,0.166250,0.221667
DJI_0268_JPG.rf.3252a66a12f34f85822a020d16d3b8b0.jpg 3,0.877878,0.234254,0.193257,0.361842 3,0.236193,0.128595,0.174885,0.240524 5,0.926250,0.161667,0.145000,0.323333 5,0.794597,0.182621,0.154194,0.315241
DJI_0268_JPG.rf.3031ff27c93d0ae306240e590e0ea277.jpg 3,0.873994,0.905815,0.140488,0.141630 4,0.819917,0.860079,0.077335,0.090158
DJI_0271_JPG.rf.3008918d9a1079acfac6ad4524f54f5a.jpg 5,0.050000,0.859167,0.100000,0.278333
DJI_0329_JPG.rf.2c7ee16b93badf51213384ee7cc4a0ef.jpg 2,0.800000,0.096667,0.172500,0.193333 2,0.748125,0.026667,0.136250,0.053333
DJI_0329_JPG.rf.31aca707fa5a7170f4f373ebd10ed588.jpg 3,0.200000,0.979167,0.382500,0.038333 3,0.322500,0.920000,0.235000,0.156667 5,0.293750,0.851667,0.167500,0.180000 5,0.244375,0.940833,0.223750,0.115000
DJI_0311_JPG.rf.3f00b5661dabb5cde4932c2da938933d.jpg 3,0.168125,0.105833,0.333750,0.211667 5,0.133750,0.066667,0.150000,0.133333 5,0.054375,0.108333,0.108750,0.216667
DJI_0328_JPG.rf.41447f6afc6ee253dfa9ffc73c0e85eb.jpg 3,0.801875,0.103333,0.081250,0.206667 3,0.562500,0.113333,0.265000,0.226667 5,0.880000,0.070000,0.117500,0.140000 5,0.427500,0.055000,0.150000,0.110000 1,0.738125,0.083333,0.106250,0.166667
DJI_0260_JPG.rf.3e9de19f2d1d7fdf8f049a24876f8b9b.jpg 3,0.688489,0.204668,0.276978,0.316003 3,0.075625,0.725833,0.151250,0.408333 5,0.104375,0.616667,0.208750,0.363333
DJI_0268_JPG.rf.3ec0d74ce6634f9c12631d61620948f7.jpg 5,0.566086,0.402939,0.212171,0.309211
DJI_0258_JPG.rf.429965e44821bee805eb9ded325a5129.jpg 3,0.161250,0.364167,0.322500,0.225000
DJI_0313_JPG.rf.362c21235620ce553f2529cbdb562470.jpg 3,0.955000,0.691667,0.087500,0.283333 4,0.983750,0.749167,0.030000,0.148333 4,0.949375,0.749167,0.046250,0.148333 3,0.346250,0.789167,0.187500,0.418333 5,0.239375,0.795833,0.143750,0.308333
DJI_0315_JPG.rf.423ecf64f62672c7900f7a47ed0e7220.jpg 1,0.066250,0.200000,0.132500,0.350000
DJI_0311_JPG.rf.3dcfd75efd9ac96ace3c990ed408fdf1.jpg 3,0.845345,0.183180,0.135691,0.356360 3,0.019375,0.668333,0.038750,0.583333 5,0.925000,0.156667,0.150000,0.313333 5,0.006875,0.650833,0.013750,0.348333
DJI_0327_JPG.rf.3a3f40ac377f2d254d8f23ee3c6ecd15.jpg 3,0.894375,0.912500,0.118750,0.171667 4,0.856875,0.989167,0.093750,0.018333 5,0.980625,0.907500,0.036250,0.181667
DJI_0325_JPG.rf.3ee7bd5fef92135afb9bebe299b52df8.jpg 3,0.063750,0.748333,0.127500,0.500000
DJI_0276_JPG.rf.398e8005c3633a1f871a3798d23dda5b.jpg 3,0.314375,0.919167,0.256250,0.158333
DJI_0304_JPG.rf.3d82812f3ccc0e2dd863a81dae68734d.jpg 3,0.909375,0.175000,0.168750,0.306667 3,0.689375,0.378333,0.163750,0.306667 3,0.478750,0.590000,0.170000,0.313333 3,0.268125,0.804167,0.216250,0.371667 3,0.086250,0.919167,0.172500,0.158333 4,0.865000,0.191667,0.072500,0.116667 5,0.035000,0.910000,0.070000,0.176667 5,0.083125,0.856667,0.166250,0.283333 5,0.150625,0.725000,0.201250,0.303333 5,0.267500,0.625000,0.207500,0.303333 5,0.370000,0.516667,0.200000,0.303333 5,0.480625,0.411667,0.211250,0.326667 5,0.586250,0.311667,0.205000,0.306667 5,0.715625,0.257500,0.196250,0.298333 5,0.927500,0.110833,0.142500,0.221667 5,0.983750,0.053333,0.030000,0.106667
DJI_0330_JPG.rf.34182f0accf03e9b7f6174adf327cdc5.jpg 3,0.555625,0.021667,0.391250,0.043333 5,0.618125,0.491667,0.241250,0.163333 3,0.735625,0.665833,0.443750,0.235000
DJI_0266_JPG.rf.45fc768d2766290d8599615323766f7a.jpg 3,0.141838,0.600684,0.223677,0.368035 5,0.250625,0.156667,0.296250,0.313333
DJI_0279_JPG.rf.496cf771784afe406661578562dc183a.jpg 3,0.152018,0.437003,0.301535,0.310673
DJI_0261_JPG.rf.4a4237e833afa8352951c7cfb0d1c2f4.jpg 2,0.362862,0.557939,0.133224,0.309211
DJI_0304_JPG.rf.4084e8e1552da8006ba774053de351f8.jpg 3,0.165000,0.073333,0.170000,0.146667 5,0.026875,0.110833,0.053750,0.221667 5,0.087500,0.053333,0.175000,0.106667 5,0.202500,0.005833,0.207500,0.011667
DJI_0313_JPG.rf.476a339467023aa96604a929ede8f308.jpg 3,0.796875,0.650000,0.208750,0.430000 1,0.681250,0.710000,0.057500,0.183333 3,0.015625,0.909167,0.031250,0.178333 5,0.778750,0.792500,0.120000,0.305000
DJI_0305_JPG.rf.497f844276dc856a6ead649ece5d925d.jpg 4,0.505625,0.968333,0.086250,0.060000 3,0.570625,0.884167,0.326250,0.228333
DJI_0324_JPG.rf.4d82b8b7731463b4698576edfad5a443.jpg 3,0.268284,0.187351,0.166568,0.368035 3,0.628750,0.059167,0.270000,0.118333
DJI_0305_JPG.rf.403019d8d22cbfb42e88f934252071a9.jpg 2,0.088125,0.399167,0.133750,0.168333 2,0.317500,0.832500,0.102500,0.191667 2,0.464375,0.547500,0.146250,0.241667
DJI_0324_JPG.rf.4cd984dd98fa0952ef3e70c996835c28.jpg 3,0.628750,0.778333,0.270000,0.440000 3,0.881250,0.295000,0.235000,0.590000 5,0.809128,0.241140,0.193257,0.328947 5,0.945625,0.050000,0.106250,0.100000 4,0.524915,0.701233,0.087329,0.122467
DJI_0305_JPG.rf.4ab7824e9a69c6289509e4ec7c6d2a2c.jpg 4,0.606875,0.045833,0.088750,0.068333 4,0.505625,0.025833,0.086250,0.051667 3,0.570625,0.018333,0.326250,0.036667 3,0.497500,0.394167,0.290000,0.261667 3,0.430625,0.734167,0.353750,0.295000 3,0.323750,0.961667,0.335000,0.073333 5,0.247500,0.985000,0.227500,0.026667 5,0.269375,0.890833,0.228750,0.215000 5,0.319375,0.737500,0.226250,0.241667 5,0.415000,0.603333,0.222500,0.233333 5,0.357500,0.378333,0.220000,0.246667 5,0.433750,0.227500,0.222500,0.251667
DJI_0274_JPG.rf.4536ea4533787d8f51fb73443efd7e1c.jpg 5,0.858125,0.008333,0.233750,0.016667 5,0.522500,0.137500,0.205000,0.275000 3,0.461875,0.202500,0.161250,0.288333
DJI_0261_JPG.rf.4db610a974ecc0f23629c81f7de77327.jpg 3,0.292500,0.156667,0.260000,0.313333
DJI_0331_JPG.rf.4f266ee5af9a7e34e8f09c88fc3bb7f5.jpg 3,0.484375,0.091667,0.418750,0.183333 3,0.534735,0.394880,0.479470,0.576426
DJI_0279_JPG.rf.4df7c8171e34eb3d4f79540d0c2483ee.jpg 3,0.544014,0.622538,0.113028,0.185075
DJI_0277_JPG.rf.4abdd5a36cc48d7572159df086c52f99.jpg 5,0.613750,0.776667,0.187500,0.276667 5,0.824375,0.630000,0.183750,0.270000 3,0.720625,0.680000,0.268750,0.373333
DJI_0311_JPG.rf.4efd183ae6d4e2d25a3630722464ce04.jpg 4,0.036250,0.812500,0.072500,0.135000 4,0.020000,0.876667,0.040000,0.150000
DJI_0303_JPG.rf.4ed9b9f30d634bb6b4ad8610cba0a109.jpg 3,0.053750,0.185833,0.107500,0.371667 3,0.243750,0.080833,0.235000,0.161667 3,0.965000,0.944167,0.067500,0.108333 5,0.025000,0.454167,0.050000,0.321667 5,0.040000,0.220833,0.080000,0.291667 5,0.135872,0.181280,0.204244,0.322560 5,0.221250,0.113333,0.177500,0.226667 5,0.328750,0.036667,0.187500,0.073333 4,0.049375,0.014167,0.098750,0.028333
DJI_0286_JPG.rf.441d5bf22bdc13bb8ee124efab7c3e86.jpg 5,0.280000,0.315833,0.245000,0.235000 5,0.480000,0.266667,0.135000,0.153333 3,0.280625,0.200000,0.306250,0.196667
DJI_0275_JPG.rf.44d979a569a25e1b8988ef78a6da46e2.jpg 5,0.290000,0.859167,0.147500,0.278333 4,0.192500,0.840000,0.052500,0.133333
DJI_0293_JPG.rf.41658e555159a0f79cda391ea64fcc9a.jpg 5,0.977500,0.989167,0.042500,0.018333 3,0.932500,0.944167,0.132500,0.108333 1,0.186250,0.080833,0.150000,0.161667
DJI_0303_JPG.rf.4daaeb7816579ce01fe22ae6b2b4c872.jpg 3,0.095000,0.312500,0.190000,0.508333 3,0.309737,0.150715,0.164474,0.301429 3,0.876250,0.885000,0.210000,0.226667 3,0.961875,0.730833,0.073750,0.411667 5,0.001250,0.515000,0.002500,0.366667 5,0.082500,0.461667,0.165000,0.393333 5,0.157940,0.292605,0.188380,0.401878 5,0.271301,0.155416,0.162602,0.290832 5,0.402551,0.114369,0.162602,0.228739 5,0.927500,0.642500,0.142500,0.288333 5,0.987500,0.597500,0.022500,0.301667 5,0.851951,0.785935,0.243903,0.325204 5,0.762500,0.882500,0.230000,0.231667 5,0.680000,0.952500,0.212500,0.091667 4,0.024375,0.240833,0.048750,0.115000
DJI_0266_JPG.rf.4fda43a9085d1fe38d25fca853ffe6fe.jpg 3,0.772500,0.954167,0.127500,0.088333 4,0.748125,0.953333,0.121250,0.090000
DJI_0268_JPG.rf.512037b8ab777f3d84661de8b376c6f6.jpg 3,0.366085,0.101216,0.154670,0.182431 3,0.159233,0.474382,0.178465,0.298764 5,0.266875,0.118333,0.223750,0.236667
DJI_0264_JPG.rf.51f8dc1e35f7415164eaab1790db60bf.jpg 3,0.665329,0.733684,0.263158,0.197368
DJI_0291_JPG.rf.4d57acccf97e2e818bfd0948d41625ec.jpg 5,0.093750,0.859167,0.187500,0.165000 3,0.151250,0.945833,0.302500,0.108333
DJI_0330_JPG.rf.4e2ba038175fb11bdbb3ca4656b2bba8.jpg 5,0.725000,0.971667,0.060000,0.053333 5,0.666875,0.969167,0.058750,0.058333 5,0.479375,0.972500,0.246250,0.051667 3,0.550000,0.950833,0.502500,0.095000
DJI_0320_JPG.rf.4d26c578022a12c00fe7cf46df5cb6e1.jpg 3,0.685000,0.381667,0.242500,0.340000 3,0.491250,0.618333,0.397500,0.323333 5,0.487500,0.489167,0.235000,0.265000 5,0.587500,0.389167,0.225000,0.315000
DJI_0298_JPG.rf.54a70b0c7b7b92f4cf1e39dfc73f2aa1.jpg 3,0.580625,0.297500,0.163750,0.595000 5,0.937500,0.012500,0.122500,0.025000 5,0.465000,0.132500,0.135000,0.265000 4,0.600000,0.055000,0.080000,0.110000
DJI_0324_JPG.rf.58cbcb20b3d6259ed9970b3f2f0cbff3.jpg 3,0.200000,0.240000,0.275000,0.480000 5,0.091875,0.150000,0.161250,0.300000
DJI_0291_JPG.rf.5653b51aa4fc9cfd9f1101f24c8b2a31.jpg 1,0.664375,0.867500,0.126250,0.261667
DJI_0277_JPG.rf.48ee9f2a858d45c970143e6ae930be40.jpg 3,0.351250,0.067500,0.250000,0.135000
DJI_0285_JPG.rf.52b9a1b2865c12bf7a4d60c4f4c6ffce.jpg 3,0.539375,0.829167,0.361250,0.148333 5,0.529375,0.930000,0.306250,0.136667
DJI_0279_JPG.rf.58442e0918aacf9fdee32d7fa8df779a.jpg 3,0.630625,0.955000,0.281250,0.086667 5,0.649375,0.893333,0.258750,0.210000
DJI_0269_JPG.rf.4c42ef87dd56eb6de45c9551c58c073d.jpg 3,0.435625,0.161667,0.191250,0.323333 5,0.340625,0.125833,0.141250,0.251667 5,0.501250,0.125833,0.182500,0.251667
DJI_0318_JPG.rf.524d0c2bc1dc42ef4d8ff9ecd84bcd79.jpg 4,0.823125,0.968333,0.088750,0.060000 3,0.660000,0.828333,0.252500,0.340000 3,0.091250,0.110000,0.182500,0.220000 5,0.655625,0.941667,0.143750,0.113333 5,0.045000,0.220000,0.090000,0.246667 5,0.019375,0.076667,0.038750,0.153333
DJI_0301_JPG.rf.51eafb27d9c6c2b71299ffcbb5996a28.jpg 3,0.434375,0.402500,0.868750,0.485000 5,0.082500,0.286667,0.165000,0.166667 5,0.008750,0.395833,0.017500,0.201667
DJI_0277_JPG.rf.42b035ab2bd2ff303b4a6ec8156e1e58.jpg 2,0.506875,0.230000,0.123750,0.200000
DJI_0307_JPG.rf.55dab2883d8193a078b5e0e5707e8159.jpg 3,0.789375,0.180833,0.418750,0.361667 5,0.663125,0.064167,0.278750,0.128333 4,0.772771,0.193515,0.088043,0.190363
DJI_0298_JPG.rf.57ab7423477cf8b653923f62c1236d44.jpg 3,0.164375,0.894167,0.173750,0.208333 3,0.054375,0.924167,0.108750,0.148333 5,0.077500,0.930000,0.155000,0.136667
DJI_0314_JPG.rf.56975d3fec37565fe6cf00526151e5fb.jpg 3,0.903947,0.748904,0.157895,0.414474 5,0.787335,0.786969,0.154670,0.317272
DJI_0318_JPG.rf.4ce2b4881d0873c63e8910d844385325.jpg 3,0.594375,0.100000,0.076250,0.200000 3,0.330625,0.120000,0.273750,0.240000 5,0.316875,0.150833,0.128750,0.301667
DJI_0327_JPG.rf.5425f2b2a28ba33b05693d2bd7df24c2.jpg 3,0.445625,0.784167,0.188750,0.428333 5,0.508125,0.633333,0.148750,0.280000
DJI_0297_JPG.rf.4d430b10d5db635e1b950da4dd5cef95.jpg 3,0.067500,0.693333,0.117500,0.103333 3,0.078125,0.825833,0.156250,0.211667
DJI_0268_JPG.rf.5b42a8e2264b1c8bd7c10e769a89fc5f.jpg 3,0.183487,0.522522,0.164474,0.455044 5,0.335060,0.494112,0.157621,0.424890 4,0.093926,0.488931,0.075352,0.124529
DJI_0261_JPG.rf.5a187c69ffa094fd477e6cf0e2fbeea6.jpg 3,0.123125,0.472500,0.246250,0.198333 5,0.040625,0.807500,0.081250,0.245000
DJI_0304_JPG.rf.5884ac7161866aa8252149e1d484fcab.jpg 3,0.151250,0.900000,0.160000,0.196667 3,0.455625,0.811667,0.178750,0.373333 3,0.742500,0.719167,0.190000,0.558333 3,0.958750,0.582500,0.080000,0.445000 4,0.788125,0.570833,0.098750,0.065000 4,0.500000,0.745000,0.105000,0.060000 5,0.938125,0.650833,0.121250,0.308333 5,0.840625,0.771667,0.176250,0.363333 5,0.727500,0.870000,0.192500,0.256667 5,0.565625,0.897500,0.181250,0.201667 5,0.435625,0.926667,0.181250,0.143333 5,0.115000,0.996667,0.175000,0.003333
DJI_0302_JPG.rf.5c132711426b9db124e53558ecbcdddb.jpg 1,0.712500,0.929167,0.157500,0.138333
DJI_0303_JPG.rf.5c0ed83baad58c8af7cbe623ee58a625.jpg 3,0.153125,0.158333,0.306250,0.316667 3,0.016250,0.588333,0.032500,0.253333 5,0.030625,0.382500,0.061250,0.335000 4,0.184375,0.039167,0.086250,0.078333 4,0.138125,0.009167,0.098750,0.018333 4,0.075922,0.136503,0.119344,0.153005
DJI_0314_JPG.rf.5c2ede2031915585fa178b9b4e10d0d7.jpg 1,0.033750,0.146667,0.067500,0.246667
DJI_0264_JPG.rf.6073ce58664a3abec8f08958fdbd848b.jpg 3,0.294128,0.167281,0.193257,0.241228 3,0.867500,0.315833,0.262500,0.485000 5,0.929375,0.271667,0.138750,0.430000
DJI_0261_JPG.rf.59b70123c75e6578da7f9af8e540f953.jpg 3,0.898125,0.677500,0.201250,0.295000 3,0.292500,0.969167,0.260000,0.058333 4,0.829400,0.752477,0.081301,0.121621
DJI_0276_JPG.rf.5b7ace53f3db1255beb03e1f54462470.jpg 3,0.799375,0.446667,0.071250,0.270000
DJI_0320_JPG.rf.5ad848537c7f66f8912f84423f12850e.jpg 3,0.226875,0.547500,0.198750,0.251667 5,0.208125,0.385833,0.233750,0.241667 5,0.959375,0.080833,0.081250,0.161667 1,0.090000,0.032500,0.180000,0.065000
DJI_0309_JPG.rf.5f74783776bbacff023dfea5cbad4196.jpg 3,0.116875,0.716667,0.233750,0.463333 5,0.006250,0.544167,0.012500,0.248333
DJI_0269_JPG.rf.5bc87e576adcfb81c3c7d844352047bb.jpg 1,0.880625,0.051667,0.153750,0.103333
DJI_0331_JPG.rf.5f96f3a45eca8729252be8d1b5b6f176.jpg 3,0.484375,0.770000,0.418750,0.456667 5,0.423146,0.815142,0.231291,0.323617
DJI_0274_JPG.rf.58f0f7f10e00948a5c4db584ebf94e8f.jpg 5,0.735000,0.535833,0.122500,0.298333 5,0.615000,0.574167,0.132500,0.298333 3,0.029375,0.570000,0.058750,0.346667 3,0.541875,0.561667,0.093750,0.376667 3,0.685625,0.614167,0.061250,0.271667
DJI_0291_JPG.rf.59943810909f2bc2462e7e7a832eefa1.jpg 3,0.939375,0.556667,0.118750,0.196667 5,0.894375,0.517500,0.208750,0.245000
DJI_0269_JPG.rf.5f79ce9cda406ca7b0434836c2094514.jpg 3,0.255625,0.968333,0.153750,0.060000 5,0.373750,0.949167,0.100000,0.098333
DJI_0274_JPG.rf.605116141b47009fd2f467d93ca3e677.jpg 1,0.892500,0.466667,0.190000,0.210000 5,0.946875,0.756667,0.103750,0.183333 5,0.858125,0.846667,0.233750,0.303333 5,0.522500,0.982500,0.205000,0.031667 3,0.892500,0.820833,0.212500,0.351667 3,0.938750,0.597500,0.120000,0.231667
DJI_0275_JPG.rf.5f5ecde97de59a2697db2dd979b816ce.jpg 1,0.203125,0.733333,0.166250,0.203333 3,0.320000,0.873333,0.247500,0.250000 3,0.210625,0.952500,0.211250,0.091667 5,0.142500,0.979167,0.217500,0.038333 5,0.260000,0.962500,0.132500,0.071667
DJI_0331_JPG.rf.67bec0e69c6bc6cfbb31b1fd35209db9.jpg 3,0.480000,0.069167,0.237500,0.138333
DJI_0328_JPG.rf.6755c0099d1eda00dcca861730d70f37.jpg 3,0.801875,0.941667,0.081250,0.113333 3,0.562500,0.881667,0.265000,0.233333 5,0.880000,0.930000,0.117500,0.136667 5,0.427500,0.882500,0.150000,0.231667 1,0.738125,0.912500,0.106250,0.171667
DJI_0306_JPG.rf.6851097b2e7a7d7df305814e85509795.jpg 3,0.638169,0.256785,0.151339,0.403570 3,0.934787,0.612496,0.117073,0.414991 5,0.611250,0.163333,0.190000,0.326667 5,0.739211,0.281360,0.180921,0.296053 5,0.911875,0.498333,0.173750,0.370000 5,0.958750,0.635833,0.080000,0.358333
DJI_0328_JPG.rf.5ac98bbcf1f0372343087b5d75aa7c2f.jpg 3,0.862366,0.505464,0.252231,0.574262 5,0.914375,0.433333,0.168750,0.430000
DJI_0298_JPG.rf.63318eed727380ded7a8d605c758ba1e.jpg 3,0.146250,0.106667,0.287500,0.213333 5,0.023125,0.012500,0.046250,0.025000
DJI_0304_JPG.rf.5cb807bdd64f7147c00f47b3efb80dc2.jpg 3,0.205000,0.853333,0.267500,0.290000 3,0.448750,0.593333,0.135000,0.420000 3,0.630625,0.336667,0.143750,0.426667 3,0.880000,0.220000,0.177500,0.440000 4,0.258125,0.904167,0.101250,0.061667 4,0.206875,0.792500,0.091250,0.075000 5,0.934375,0.228333,0.128750,0.310000 5,0.846875,0.357500,0.171250,0.308333 5,0.729375,0.459167,0.168750,0.315000 5,0.601875,0.487500,0.168750,0.301667 5,0.542500,0.711667,0.150000,0.303333 5,0.414375,0.770000,0.156250,0.306667
DJI_0274_JPG.rf.636de6a64a18281f045931cc04e3ecb9.jpg 5,0.765000,0.541667,0.135000,0.296667 5,0.626250,0.585000,0.135000,0.316667 3,0.708750,0.579167,0.110000,0.381667 3,0.903750,0.570000,0.190000,0.346667
DJI_0318_JPG.rf.5d9a9c7764758ac92cf91209555e8013.jpg 3,0.958125,0.110000,0.081250,0.220000 5,0.932500,0.220000,0.132500,0.246667 5,0.928125,0.076667,0.141250,0.153333
DJI_0304_JPG.rf.60fef94f6dcc9f4255ab177fc31f458c.jpg 5,0.055000,0.980833,0.110000,0.035000 3,0.336250,0.869167,0.115000,0.258333 5,0.433125,0.887500,0.163750,0.221667
DJI_0311_JPG.rf.63b49053133dde38ff705c9bae53df78.jpg 3,0.420082,0.578004,0.300164,0.466009 5,0.963125,0.946667,0.071250,0.103333 5,0.423519,0.638045,0.177038,0.289422 1,0.507855,0.760637,0.115710,0.234608
DJI_0323_JPG.rf.70890fbaa12342dd486ca6cf36d6b368.jpg 3,0.603750,0.922500,0.105000,0.151667 3,0.380625,0.920000,0.268750,0.156667 5,0.662500,0.901667,0.140000,0.193333 5,0.513125,0.886667,0.161250,0.223333 5,0.285000,0.990000,0.147500,0.016667
DJI_0306_JPG.rf.6f9634021ba232ec9b4159c2b9ab7458.jpg 3,0.221374,0.859202,0.182749,0.281737 3,0.720959,0.599889,0.376919,0.373112 5,0.015625,0.498333,0.031250,0.370000 5,0.063125,0.635833,0.126250,0.358333 5,0.207237,0.777171,0.164474,0.257675 5,0.846661,0.865680,0.250822,0.148026
DJI_0329_JPG.rf.6a3501e9c7439d7c172400931d2b1267.jpg 3,0.499375,0.213333,0.216250,0.283333
DJI_0307_JPG.rf.6ffe8165c6203091d34dfa11050a5abd.jpg 3,0.619921,0.548925,0.147341,0.411184 5,0.866139,0.784962,0.187278,0.396590 5,0.964375,0.872500,0.068750,0.255000 5,0.679675,0.574568,0.169350,0.315803 5,0.561680,0.481574,0.158360,0.323147
DJI_0307_JPG.rf.6ab81f5f565b0abecc77dcb9b2f18837.jpg 5,0.052500,0.872500,0.105000,0.255000 3,0.608125,0.860833,0.231250,0.275000
DJI_0311_JPG.rf.6e6089974b8953db02130240b2332938.jpg 3,0.707335,0.093227,0.154670,0.179787 3,0.145954,0.120988,0.126909,0.235310 5,0.054442,0.076433,0.108884,0.146199 5,0.220847,0.106992,0.154194,0.187317 5,0.824781,0.099708,0.137061,0.182749
DJI_0303_JPG.rf.743fb25ad5f323ffafc9a609494a3e75.jpg 3,0.085000,0.730833,0.170000,0.411667 3,0.274186,0.500091,0.215872,0.333516 3,0.493259,0.226268,0.209019,0.379203 3,0.730663,0.098174,0.171327,0.196349 5,0.033750,0.642500,0.067500,0.288333 5,0.090000,0.597500,0.180000,0.301667 4,0.229393,0.519049,0.108787,0.178098 5,0.301838,0.354439,0.223677,0.285545 5,0.409097,0.219359,0.233195,0.288717 5,0.532968,0.142230,0.228436,0.241127
DJI_0315_JPG.rf.7771a98d5d9185f0fcd43579eff00694.jpg 3,0.197500,0.645000,0.395000,0.423333 3,0.100625,0.588333,0.201250,0.243333 3,0.275000,0.910000,0.212500,0.176667 4,0.152500,0.959167,0.095000,0.078333 4,0.191820,0.851410,0.093639,0.102820
DJI_0258_JPG.rf.76bf09920e22673401e373d4194b3e1f.jpg 3,0.414841,0.394836,0.294682,0.233004 3,0.262525,0.892423,0.277549,0.178180 5,0.321001,0.439700,0.237002,0.209399 5,0.226356,0.733278,0.242713,0.186556
DJI_0264_JPG.rf.76615bbd985caf8ec54b0046b1ffddda.jpg 3,0.187500,0.049167,0.190000,0.098333
DJI_0268_JPG.rf.6c43e95dc274f6a0b71168dac6391197.jpg 1,0.385000,0.059167,0.175000,0.118333
DJI_0320_JPG.rf.6a59d68a5ecf1499e053a097f5038fa9.jpg 3,0.478750,0.768333,0.210000,0.253333 3,0.954375,0.541667,0.088750,0.266667
DJI_0266_JPG.rf.780f1678fa8d631e697cc0229255aab0.jpg 3,0.301762,0.602756,0.346025,0.365512 5,0.365888,0.339342,0.241776,0.348684
DJI_0310_JPG.rf.7146451f095798486a02f2d524008a59.jpg 3,0.134375,0.952500,0.221250,0.091667 1,0.176875,0.080833,0.251250,0.161667
DJI_0271_JPG.rf.78897a4d83009a292f8f7c9be76b61c4.jpg 3,0.049375,0.296667,0.098750,0.226667
DJI_0278_JPG.rf.6db55a2ce9ba1ef62412327646a925fd.jpg 3,0.411356,0.773877,0.242713,0.307754 3,0.580212,0.365684,0.287924,0.368035 5,0.573399,0.253670,0.219298,0.310673
DJI_0307_JPG.rf.6da6cc6dde4b916f8ccbf9a437352a55.jpg 3,0.789375,0.994167,0.418750,0.008333 5,0.663125,0.962500,0.278750,0.071667
DJI_0327_JPG.rf.756b9219586b8470e8d0a9d37a70d558.jpg 3,0.341875,0.201667,0.198750,0.403333 3,0.240625,0.301667,0.168750,0.350000 5,0.360000,0.094167,0.062500,0.095000 5,0.258750,0.202500,0.180000,0.301667 5,0.135000,0.264167,0.185000,0.298333
DJI_0298_JPG.rf.7567820727cfb3499b36f1f0d3a7cdd5.jpg 1,0.848713,0.467083,0.124926,0.290832
DJI_0305_JPG.rf.676694ff94f0aab2da43b5294c017f2c.jpg 2,0.901250,0.873333,0.125000,0.160000
DJI_0320_JPG.rf.77a4ad26a0ef85afb2ee5bf566684e47.jpg 3,0.691875,0.069167,0.381250,0.138333 5,0.783750,0.103333,0.207500,0.206667 5,0.668750,0.045833,0.210000,0.091667
DJI_0268_JPG.rf.73f1de397969339229ec0b3221bcd2e9.jpg 5,0.266875,0.948333,0.223750,0.100000
DJI_0293_JPG.rf.76521a17e24effdcc3fe567ab8abde06.jpg 2,0.641250,0.844167,0.140000,0.195000
DJI_0298_JPG.rf.7940b3b2b33e08cd63c8cd734044e2f8.jpg 3,0.164375,0.123333,0.173750,0.246667 3,0.054375,0.179167,0.108750,0.358333 5,0.077500,0.104167,0.155000,0.208333
DJI_0329_JPG.rf.7242df947ee9dd6d9c9befe7fff82e48.jpg 3,0.578125,0.980000,0.431250,0.036667 3,0.753750,0.464167,0.362500,0.405000 4,0.686250,0.450000,0.082500,0.096667 5,0.863750,0.351667,0.207500,0.296667 5,0.593125,0.914167,0.221250,0.168333
DJI_0327_JPG.rf.7a29331554b82e6409fae64ca2f55a70.jpg 5,0.470625,0.951667,0.091250,0.093333
DJI_0323_JPG.rf.7980b5f2490795251744ed766421b967.jpg 3,0.603750,0.125833,0.105000,0.251667 3,0.380625,0.108333,0.268750,0.216667 5,0.662500,0.070833,0.140000,0.141667 5,0.513125,0.053333,0.161250,0.106667 5,0.285000,0.053333,0.147500,0.106667
DJI_0311_JPG.rf.7a9a5b090065724fe14ddacd1c4bc75b.jpg 3,0.830625,0.668333,0.336250,0.583333 3,0.168125,0.871667,0.333750,0.253333 5,0.940000,0.650833,0.117500,0.348333 5,0.816753,0.675150,0.108507,0.296966 5,0.133750,0.909167,0.150000,0.178333 5,0.054375,0.946667,0.108750,0.103333
DJI_0301_JPG.rf.73f35686a18533a982d88735f81a98e2.jpg 3,0.935625,0.402500,0.126250,0.485000 5,0.992500,0.286667,0.012500,0.166667 5,0.897500,0.395833,0.202500,0.201667
DJI_0308_JPG.rf.7b6027287e0d7cf91116c736444e038e.jpg 3,0.982500,0.949167,0.032500,0.098333 3,0.420625,0.097500,0.243750,0.195000 5,0.963750,0.985000,0.070000,0.026667 3,0.467500,0.813333,0.425000,0.370000
DJI_0324_JPG.rf.7dbd5bde893c8e21b571814dd8997a73.jpg 3,0.060625,0.973333,0.121250,0.050000 3,0.459141,0.413127,0.488281,0.692922 5,0.455658,0.160000,0.201316,0.300000 4,0.475589,0.453260,0.113677,0.149854 5,0.006250,0.955000,0.012500,0.086667
DJI_0320_JPG.rf.7b77208a7845b47006e0f17a84ce5dbe.jpg 3,0.956250,0.837500,0.085000,0.225000 1,0.976250,0.923333,0.045000,0.150000
DJI_0311_JPG.rf.7dbfeff8d48eb64f1b12cec6e57e7b96.jpg 3,0.064375,0.440000,0.128750,0.440000 5,0.134047,0.317030,0.248094,0.380726
DJI_0266_JPG.rf.775d2585542a7274b0a5db68d289f6ac.jpg 3,0.667500,0.019167,0.330000,0.038333 4,0.984375,0.236667,0.028750,0.173333
DJI_0305_JPG.rf.78b442a0a45627101eac16bdb3354f83.jpg 4,0.773125,0.656667,0.091250,0.080000 3,0.630000,0.982500,0.247500,0.031667 3,0.747500,0.697500,0.250000,0.161667 3,0.831875,0.365833,0.236250,0.158333 3,0.888125,0.057500,0.221250,0.115000 5,0.942500,0.055000,0.112500,0.110000 5,0.918125,0.171667,0.161250,0.220000 5,0.898125,0.335833,0.201250,0.215000 5,0.853750,0.481667,0.230000,0.200000 5,0.748750,0.814167,0.227500,0.205000 5,0.707500,0.945000,0.227500,0.106667
DJI_0315_JPG.rf.7dd2d09ab50fa4d602a39358fb73f77e.jpg 3,0.189206,0.334372,0.268412,0.472077 3,0.333882,0.343882,0.230263,0.334430 4,0.361375,0.172342,0.067751,0.101351
DJI_0324_JPG.rf.7ccafda77820e805b133ab6eda8d1d12.jpg 3,0.060625,0.295000,0.121250,0.590000 5,0.006250,0.050000,0.012500,0.100000
DJI_0261_JPG.rf.7e4c2f3fc8f6235d08e294d7688daa4d.jpg 3,0.963750,0.472500,0.070000,0.198333 5,0.923125,0.807500,0.151250,0.245000
DJI_0285_JPG.rf.7c4a8ecb79ffdf03afd38fc0ef9187f9.jpg 4,0.683750,0.296667,0.117500,0.116667 3,0.653125,0.160000,0.261250,0.320000 5,0.587500,0.113333,0.245000,0.226667
DJI_0322_JPG.rf.7bad9f01ccb9c252ea764ef4338eeaa9.jpg 3,0.682500,0.737500,0.320000,0.521667 5,0.543851,0.776793,0.262701,0.376919 4,0.693250,0.738585,0.084000,0.113836
DJI_0293_JPG.rf.856d6271feab2a3e7388af74e9fd8035.jpg 5,0.377500,0.914167,0.100000,0.168333 5,0.037500,0.952500,0.075000,0.091667 3,0.081875,0.896667,0.163750,0.203333 3,0.318750,0.850833,0.172500,0.295000 3,0.940625,0.595000,0.111250,0.083333
DJI_0274_JPG.rf.7b3f2e9a8d5da335c33d45f132cd82cc.jpg 4,0.775000,0.562500,0.045000,0.131667 5,0.878125,0.581667,0.116250,0.290000 3,0.821875,0.544167,0.048750,0.225000 3,0.178125,0.670833,0.171250,0.365000 3,0.215000,0.595833,0.125000,0.258333
DJI_0302_JPG.rf.7be6cce7087286382dcdecfaeff9efc5.jpg 3,0.114375,0.200833,0.228750,0.401667 3,0.306250,0.072500,0.297500,0.145000
DJI_0330_JPG.rf.7c331b34aeb0df1af3642a1243dc3759.jpg 3,0.245000,0.991667,0.455000,0.013333 3,0.916875,0.090833,0.163750,0.181667 3,0.372500,0.518333,0.472500,0.200000 5,0.257500,0.390000,0.235000,0.176667 5,0.435625,0.440833,0.068750,0.165000
DJI_0329_JPG.rf.7fd2cd2d991703a095b2c74c2b08ba52.jpg 3,0.639375,0.561667,0.286250,0.346667 5,0.648750,0.455000,0.212500,0.273333 5,0.530000,0.555833,0.212500,0.275000
DJI_0305_JPG.rf.7fccfe4429f9a0efbbf0b521f3960fca.jpg 4,0.165625,0.533333,0.043750,0.110000 4,0.172500,0.726667,0.065000,0.130000 4,0.123125,0.709167,0.051250,0.125000 4,0.086250,0.966667,0.097500,0.063333 3,0.081875,0.975833,0.163750,0.045000 3,0.151250,0.614167,0.302500,0.305000 3,0.117500,0.098333,0.235000,0.140000 5,0.173750,0.059167,0.225000,0.118333 5,0.181250,0.208333,0.225000,0.180000
DJI_0260_JPG.rf.8a65e206c6c29ab774f8240f83387594.jpg 2,0.852237,0.511469,0.164474,0.279605
DJI_0311_JPG.rf.8d78b674c0038644cce1cf77acc539f1.jpg 5,0.963125,0.108333,0.071250,0.216667
DJI_0258_JPG.rf.8a2dac4c0362c16422fd8f34a5f5b397.jpg 3,0.174841,0.156316,0.294682,0.219298
DJI_0320_JPG.rf.89d5f44b580ffa58d0b02cfc29fd03a1.jpg 3,0.902500,0.135833,0.062500,0.271667 5,0.953125,0.162500,0.091250,0.325000
DJI_0293_JPG.rf.87b59a2b7d8a5b889f04b5f1912ebcaf.jpg 5,0.977500,0.128333,0.042500,0.256667 5,0.906875,0.386667,0.183750,0.270000 3,0.932500,0.198333,0.132500,0.396667
DJI_0260_JPG.rf.8e79438086de95dd6b1bc271613b3de0.jpg 3,0.940000,0.725833,0.117500,0.408333 5,0.994375,0.616667,0.008750,0.363333
DJI_0297_JPG.rf.88b54ccdbae534bdc124537ca2e26351.jpg 3,0.854375,0.602500,0.228750,0.358333
DJI_0303_JPG.rf.832d1be09431059743d72e6c9052e2e7.jpg 3,0.965000,0.158333,0.067500,0.316667 3,0.793750,0.835833,0.265000,0.325000 3,0.931250,0.588333,0.135000,0.253333 5,0.905625,0.382500,0.186250,0.335000 5,0.870709,0.577772,0.218918,0.285545 5,0.806477,0.717451,0.237954,0.298235 5,0.718871,0.877150,0.192743,0.244299
DJI_0314_JPG.rf.87295b8e18facd826d730bcfae7fddc4.jpg 3,0.209375,0.887500,0.361250,0.221667 3,0.002500,0.720000,0.005000,0.556667
DJI_0269_JPG.rf.800ce419a7370880fbfe297b9f0257d2.jpg 3,0.833125,0.172500,0.243750,0.345000
DJI_0322_JPG.rf.82751781614dfe534f7407e7b84840f3.jpg 1,0.358601,0.593435,0.302201,0.193536
DJI_0273_JPG.rf.8ef5863ec79d500b35ac8a24be953912.jpg 3,0.630164,0.687513,0.290328,0.298360 3,0.349375,0.852500,0.356250,0.291667 5,0.673723,0.537313,0.219945,0.277960 5,0.321875,0.881667,0.218750,0.233333
DJI_0279_JPG.rf.87739551c690ca89b5d70107708f6139.jpg 3,0.530709,0.165383,0.218918,0.314099 3,0.571085,0.614435,0.154670,0.208871 5,0.652247,0.565246,0.116994,0.330491
DJI_0308_JPG.rf.8b8fac72307fd940bf2a59af68822191.jpg 3,0.081250,0.153333,0.162500,0.303333
DJI_0309_JPG.rf.84cd8d1283a10bb5380d0268bdefb37a.jpg 3,0.921250,0.670000,0.155000,0.430000 5,0.986875,0.622500,0.023750,0.321667
DJI_0286_JPG.rf.8b6d2002808c6ef697873b68d365008a.jpg 3,0.428750,0.535833,0.317500,0.201667 5,0.381250,0.370000,0.230000,0.150000
DJI_0327_JPG.rf.89d7775420e335f99124fa4bee64d4fa.jpg 5,0.470625,0.095833,0.091250,0.191667
DJI_0304_JPG.rf.9131cd9f04c4b9b9d154d742b5a7a26e.jpg 3,0.402500,0.049167,0.157500,0.098333 3,0.228750,0.227500,0.187500,0.281667 5,0.151875,0.250000,0.171250,0.240000 5,0.233125,0.128333,0.206250,0.256667 5,0.318125,0.067500,0.188750,0.135000
DJI_0320_JPG.rf.8b79597977fc0466bead7067d8c436cb.jpg 3,0.058125,0.541667,0.116250,0.266667 3,0.767500,0.949167,0.275000,0.098333 5,0.625000,0.979167,0.225000,0.038333 5,0.810000,0.874167,0.215000,0.248333 1,0.976250,0.032500,0.045000,0.065000
DJI_0324_JPG.rf.90d7d081b84794960d31ac9a809ad91d.jpg 3,0.200000,0.915000,0.275000,0.166667 5,0.091875,0.986667,0.161250,0.023333
DJI_0323_JPG.rf.8e37b5cf8f60fd701ab24bb920fb7e1b.jpg 5,0.915000,0.870000,0.157500,0.216667 3,0.916875,0.488333,0.163750,0.400000 4,0.863125,0.430833,0.101250,0.145000 3,0.586875,0.866667,0.203750,0.263333 3,0.070000,0.865833,0.140000,0.265000
DJI_0326_JPG.rf.92cd249f6d5091d5e8b997020a592d4f.jpg 3,0.318125,0.160833,0.203750,0.321667 3,0.419375,0.119167,0.246250,0.238333 5,0.350000,0.100833,0.202500,0.201667 5,0.226250,0.131667,0.207500,0.263333
DJI_0260_JPG.rf.91e0a3aeed6da855a4e1211615622519.jpg 3,0.530983,0.558041,0.296966,0.182749 5,0.405000,0.894167,0.227500,0.208333
DJI_0315_JPG.rf.7ed4413e437d22c6372bdc9d78c5c91e.jpg 3,0.275000,0.097500,0.212500,0.195000 4,0.152500,0.011667,0.095000,0.023333
DJI_0311_JPG.rf.922497c0d0e3fe39b696337c88b8fe46.jpg 3,0.615625,0.775000,0.286250,0.446667 5,0.591959,0.709339,0.218918,0.355344
DJI_0323_JPG.rf.88533ffb62bbecb4ba603c48763aa5d0.jpg 3,0.586875,0.063333,0.203750,0.126667 3,0.070000,0.140833,0.140000,0.281667
DJI_0294_JPG.rf.970c4112b5ade51fd59209ec96f9e695.jpg 3,0.483463,0.712869,0.174426,0.402404 3,0.226250,0.800000,0.205000,0.396667 5,0.134375,0.863333,0.198750,0.270000 5,0.528065,0.735583,0.101130,0.174499
DJI_0331_JPG.rf.93a235c03faf0f9e6372342df18813bd.jpg 3,0.940000,0.950000,0.120000,0.096667 5,0.928750,0.976667,0.142500,0.043333
DJI_0331_JPG.rf.953516949882b274e527f8c85e375b09.jpg 3,0.453125,0.095000,0.341250,0.190000
DJI_0322_JPG.rf.9d6d7d11ac8ba6c2a2b4242d65976976.jpg 2,0.903901,0.734198,0.092802,0.295063 2,0.990625,0.650833,0.016250,0.248333
DJI_0294_JPG.rf.93d3ccd3ab2a61b7da79b33d151db1d1.jpg 3,0.596250,0.055833,0.110000,0.111667 3,0.103928,0.390419,0.122856,0.127504 5,0.495000,0.028333,0.172500,0.056667
DJI_0330_JPG.rf.93e7feeb53d08c0ea4c875e6cade980c.jpg 3,0.245000,0.090833,0.455000,0.181667
DJI_0275_JPG.rf.88664fb3c236dd83437fb61450bcf616.jpg 5,0.652500,0.935000,0.095000,0.126667 3,0.592500,0.862500,0.057500,0.271667 3,0.712500,0.904167,0.057500,0.188333 3,0.075625,0.863333,0.068750,0.266667 5,0.030625,0.830000,0.061250,0.300000 5,0.111875,0.789167,0.126250,0.298333 5,0.521250,0.840000,0.095000,0.313333
DJI_0275_JPG.rf.8f0e2abd5c5aa645b48a8b9a132b6b46.jpg 3,0.320000,0.082500,0.247500,0.165000 3,0.210625,0.126667,0.211250,0.253333 5,0.142500,0.138333,0.217500,0.276667 5,0.260000,0.055000,0.132500,0.110000
DJI_0301_JPG.rf.9bf8e98530f81244dc3b073a5aea0733.jpg 5,0.062500,0.437500,0.102500,0.078333 5,0.067500,0.359167,0.095000,0.075000
DJI_0326_JPG.rf.9d62bcd19e681a1149952c8d41e42d91.jpg 3,0.160625,0.797500,0.206250,0.395000 5,0.077500,0.880833,0.155000,0.228333
DJI_0313_JPG.rf.8e86610a94f930ff5d58966fd3b10ed7.jpg 4,0.965000,0.440833,0.067500,0.078333 4,0.830625,0.318333,0.123750,0.133333 3,0.789375,0.424167,0.418750,0.365000 5,0.889375,0.660000,0.218750,0.360000 5,0.776875,0.570833,0.246250,0.341667
DJI_0269_JPG.rf.923403e0c10827d27ab5bbbcd144586e.jpg 3,0.695378,0.407741,0.193257,0.422149 3,0.255625,0.164167,0.153750,0.328333 5,0.373750,0.145000,0.100000,0.290000 5,0.836234,0.388553,0.127467,0.383772
DJI_0266_JPG.rf.9e561800f4ad61a899a3c16c3fa0318a.jpg 3,0.995625,0.680000,0.006250,0.276667 1,0.070526,0.115658,0.141053,0.151316
DJI_0269_JPG.rf.a2faf74c34a78f511c390c884cff1f7d.jpg 3,0.435625,0.973333,0.191250,0.050000 5,0.340625,0.979167,0.141250,0.038333 5,0.501250,0.965000,0.182500,0.066667
DJI_0320_JPG.rf.9d9cd5ee1ea9a6b9b09f53c02d5b1a3c.jpg 3,0.767500,0.125833,0.275000,0.251667 3,0.575000,0.187500,0.387500,0.305000 5,0.491875,0.235833,0.141250,0.185000 5,0.625000,0.124167,0.225000,0.248333 5,0.810000,0.016667,0.215000,0.033333
DJI_0266_JPG.rf.9f3e222094b95c0148b7cb7c70c24e17.jpg 3,0.168125,0.285833,0.336250,0.571667 5,0.188766,0.256140,0.185033,0.328947 4,0.031875,0.236667,0.063750,0.173333 4,0.263811,0.391578,0.082623,0.149823
DJI_0303_JPG.rf.9dfd41889af3e0024a44520f4cfef680.jpg 3,0.153125,0.944167,0.306250,0.108333 3,0.372936,0.802189,0.215872,0.324379 3,0.507708,0.478425,0.260417,0.333516 3,0.688495,0.256886,0.256990,0.383772 3,0.876250,0.078333,0.210000,0.156667 5,0.762500,0.028333,0.230000,0.056667 5,0.680000,0.101667,0.212500,0.203333 5,0.563588,0.148174,0.212176,0.269681 5,0.505182,0.326795,0.190363,0.280257 5,0.389926,0.437833,0.249852,0.348999 5,0.363209,0.638575,0.218918,0.253817 4,0.306680,0.812514,0.088361,0.111694 4,0.184375,0.977500,0.086250,0.041667 4,0.138125,0.950000,0.098750,0.096667
DJI_0264_JPG.rf.97285e8502f775caf0956b0dee39deb6.jpg 3,0.187500,0.847500,0.190000,0.301667 3,0.832993,0.387215,0.238487,0.334430 5,0.187434,0.838947,0.197368,0.241228
DJI_0297_JPG.rf.9819cc8619e90cbf27bc92c96e18bc98.jpg 3,0.928125,0.825833,0.141250,0.211667
DJI_0310_JPG.rf.9fa64b52c157e3db1b38b1bd7bf73bd0.jpg 3,0.908125,0.779167,0.181250,0.241667 3,0.541546,0.161595,0.205592,0.239857 3,0.756564,0.177559,0.145628,0.201785 5,0.900625,0.647500,0.196250,0.238333 5,0.604605,0.242679,0.246711,0.278692 4,0.524474,0.098998,0.121448,0.131330
DJI_0275_JPG.rf.9f6f49074191365af256af7d78745cb7.jpg 3,0.394375,0.595833,0.186250,0.095000
DJI_0302_JPG.rf.a0a87d800a0e4879ba8abe984ecc5c23.jpg 2,0.772708,0.873611,0.145416,0.193888 2,0.883111,0.807961,0.148721,0.215921 2,0.920000,0.638333,0.157500,0.243333
DJI_0323_JPG.rf.a0ad84aa4c9114f64c09055e3f5231e4.jpg 1,0.528125,0.050000,0.133750,0.100000
DJI_0293_JPG.rf.965d868a15e83e2227b39cd2a475b865.jpg 5,0.386250,0.948333,0.175000,0.100000
DJI_0310_JPG.rf.a4b0d9b855a5f22bb7096b4a000a9349.jpg 3,0.461875,0.834167,0.376250,0.328333 5,0.621250,0.875000,0.355000,0.246667 1,0.553750,0.973333,0.132500,0.050000
DJI_0264_JPG.rf.a4a817265067781aa8d699a12bb2911e.jpg 3,0.451250,0.916667,0.227500,0.163333 5,0.548520,0.800285,0.222039,0.290570
DJI_0310_JPG.rf.a4650e05599e76a8d5c71c5591bf829c.jpg 3,0.134375,0.195833,0.221250,0.391667 5,0.309737,0.349583,0.164474,0.312500
DJI_0330_JPG.rf.a4f13b2e60ca3065d1614b752ef5a69a.jpg 3,0.061875,0.148333,0.123750,0.230000
DJI_0298_JPG.rf.a83a0b7d43f0eb0805cf47b5192aa600.jpg 3,0.770296,0.436842,0.330592,0.723684 3,0.146250,0.726667,0.287500,0.543333 5,0.656283,0.415702,0.182566,0.394737 5,0.799243,0.113772,0.113487,0.184211 5,0.065625,0.732500,0.131250,0.318333 5,0.023125,0.847500,0.046250,0.301667
DJI_0291_JPG.rf.9a10ea6c7aeae45f59676eef38cc9b2c.jpg 2,0.710625,0.140000,0.148750,0.180000
DJI_0304_JPG.rf.a6bf6bef6d8baaea7560dee295b12982.jpg 3,0.205000,0.065833,0.267500,0.131667
DJI_0274_JPG.rf.9f24d038579bf4e422d7fe61a5a7a74e.jpg 5,0.751875,0.412500,0.233750,0.268333 5,0.397500,0.790000,0.220000,0.303333 3,0.141875,0.935833,0.096250,0.125000 3,0.493125,0.780000,0.246250,0.436667 3,0.704375,0.534167,0.221250,0.231667
DJI_0331_JPG.rf.b0fa26a816fa6c32c82498f84a792f7a.jpg 3,0.642050,0.489801,0.314099,0.402935 3,0.448321,0.877309,0.196642,0.211284
DJI_0266_JPG.rf.adc402e50fa8652605649911ff25391d.jpg 3,0.667500,0.754167,0.330000,0.488333 3,0.103125,0.680000,0.206250,0.276667 5,0.694852,0.735658,0.209704,0.317982
DJI_0285_JPG.rf.a6e24180f06530552da1690ba923e773.jpg 5,0.529375,0.021667,0.306250,0.043333
DJI_0268_JPG.rf.aff5d584fed9c9926fff69f8753ca9b7.jpg 1,0.385000,0.929167,0.175000,0.138333
DJI_0328_JPG.rf.afb38804c848c204924b01db72dfac3d.jpg 5,0.379059,0.427989,0.205618,0.389311
DJI_0325_JPG.rf.a610a49dda02dfdc2633f704b05704b4.jpg 3,0.919375,0.748333,0.158750,0.500000 5,0.843125,0.800833,0.231250,0.335000
DJI_0269_JPG.rf.a8b6e56531602a2744bc97d58440ea34.jpg 1,0.880625,0.907500,0.153750,0.181667
DJI_0325_JPG.rf.b0b8442d5f63aa68d5697b086825be20.jpg 3,0.098750,0.669167,0.197500,0.658333 5,0.034375,0.587500,0.068750,0.115000 5,0.160000,0.556667,0.175000,0.350000
DJI_0268_JPG.rf.aac75c3f8ab876f7b355e3c8a95b2469.jpg 3,0.729742,0.243181,0.156983,0.423029 5,0.858531,0.178856,0.137061,0.324379 5,0.023750,0.161667,0.047500,0.323333
DJI_0269_JPG.rf.a6288e34ae453fd619b2154adfff1690.jpg 3,0.199046,0.399342,0.205592,0.515351 5,0.066875,0.360000,0.133750,0.396667 5,0.309539,0.325066,0.131579,0.323465
DJI_0311_JPG.rf.b70ac6cb315fbdddebc435c8d7dd1c03.jpg 3,0.954375,0.440000,0.088750,0.440000
DJI_0266_JPG.rf.a9f3efd140d6024bf09fcd203ed2ed5f.jpg 3,0.772500,0.028333,0.127500,0.056667 5,0.564573,0.473712,0.234147,0.327424 4,0.748125,0.013333,0.121250,0.026667
DJI_0310_JPG.rf.a46483cfe15217cd2ee97e605409736a.jpg 3,0.461875,0.060000,0.376250,0.120000 5,0.621250,0.005000,0.355000,0.010000 1,0.553750,0.026667,0.132500,0.053333
DJI_0305_JPG.rf.b3ae6e1011feb26cb815ac9ef54d36c9.jpg 4,0.995625,0.934167,0.006250,0.101667 4,0.086250,0.007500,0.097500,0.015000 3,0.012500,0.977500,0.025000,0.041667 3,0.061875,0.705000,0.123750,0.170000 3,0.095625,0.370000,0.191250,0.156667 3,0.081875,0.042500,0.163750,0.085000 3,0.925625,0.785833,0.146250,0.241667 3,0.831875,0.984167,0.333750,0.028333 5,0.764375,0.906667,0.276250,0.183333 5,0.873750,0.801667,0.245000,0.256667 5,0.913750,0.652500,0.170000,0.258333 5,0.103125,0.131667,0.206250,0.196667 5,0.119375,0.313333,0.238750,0.206667 5,0.105625,0.490833,0.211250,0.191667 5,0.100000,0.667500,0.200000,0.205000 5,0.076875,0.838333,0.153750,0.206667 5,0.060625,0.947500,0.121250,0.101667
DJI_0305_JPG.rf.aafd89da4acb5a4c05d84f3981141e4a.jpg 3,0.149375,0.751667,0.251250,0.130000 5,0.187500,0.677500,0.187500,0.145000 5,0.186250,0.850833,0.227500,0.188333 5,0.173750,0.958333,0.225000,0.080000
DJI_0302_JPG.rf.bb2ab0b5c454de65b4927577fcb2449b.jpg 1,0.712500,0.043333,0.157500,0.086667
DJI_0303_JPG.rf.b79a5540f7a4ffdbae5eed099ac459d4.jpg 3,0.053750,0.932500,0.107500,0.131667 3,0.243750,0.825000,0.235000,0.346667 3,0.500576,0.668622,0.226151,0.470577 3,0.806179,0.475358,0.239857,0.557383 3,0.977500,0.312500,0.042500,0.508333 5,0.221250,0.943333,0.177500,0.110000 5,0.328750,0.876667,0.187500,0.243333 5,0.481647,0.808234,0.198295,0.333135 5,0.787164,0.611511,0.194329,0.346355 5,0.903750,0.515000,0.190000,0.366667 5,0.986875,0.461667,0.023750,0.393333 4,0.049375,0.966667,0.098750,0.063333 4,0.587375,0.726788,0.087250,0.126909 4,0.816256,0.334545,0.115011,0.105757 4,0.981250,0.240833,0.035000,0.115000
DJI_0264_JPG.rf.b8f0b4648ef3352dbdc9847fac66b32c.jpg 3,0.451250,0.066667,0.227500,0.133333
DJI_0291_JPG.rf.b8897371c35871163d1b38bec8b3dad5.jpg 3,0.114375,0.070000,0.228750,0.140000
DJI_0310_JPG.rf.b54d7dcd84d37ee874cfde04b377f05e.jpg 3,0.578874,0.812985,0.182749,0.369304 5,0.707072,0.789583,0.189145,0.312500
DJI_0320_JPG.rf.b6c2b0342dc6674a8432348cae4e5f6d.jpg 3,0.568750,0.373333,0.187500,0.323333 3,0.691875,0.776667,0.381250,0.443333 5,0.783750,0.934167,0.207500,0.128333 5,0.668750,0.880000,0.210000,0.236667 5,0.624375,0.716667,0.146250,0.243333 5,0.045625,0.457500,0.091250,0.331667
DJI_0326_JPG.rf.bc71f09d01293d2c87da42a281a0db63.jpg 3,0.511250,0.618333,0.232500,0.463333 5,0.596250,0.465833,0.175000,0.298333
DJI_0270_JPG.rf.c4c5c23047e8480752e71cb4c910bf3c.jpg 1,0.878289,0.489057,0.131579,0.224781
DJI_0275_JPG.rf.b52a0be9686e2c0a6189662fc798d49e.jpg 3,0.791875,0.465833,0.148750,0.295000 5,0.828125,0.375833,0.186250,0.301667
DJI_0291_JPG.rf.b779e82470c8f5669b41d048deef6a93.jpg 3,0.549375,0.317500,0.183750,0.188333 5,0.453125,0.305000,0.201250,0.216667 5,0.991875,0.859167,0.013750,0.165000 3,0.788125,0.945833,0.421250,0.108333
DJI_0283_JPG.rf.c23b4de45fc476e13863996d6bea175e.jpg 3,0.652418,0.635570,0.232335,0.164474 3,0.624701,0.340208,0.284402,0.260417 4,0.572561,0.658552,0.117623,0.107104 4,0.539740,0.380428,0.164481,0.170856
DJI_0270_JPG.rf.c49518c27b893d507a5edaf89cdf3840.jpg 3,0.145000,0.070000,0.220000,0.140000 5,0.024375,0.014167,0.048750,0.028333 5,0.231250,0.007500,0.115000,0.015000
DJI_0314_JPG.rf.bd06a8dc3ed258a60595c1286cf1ac59.jpg 3,0.779375,0.720000,0.438750,0.556667 3,0.237500,0.753333,0.342500,0.490000 5,0.726250,0.905833,0.227500,0.185000 5,0.744278,0.662853,0.226056,0.282372 5,0.227892,0.742189,0.243284,0.324379 4,0.375516,0.725350,0.106033,0.134033 4,0.155729,0.930929,0.113957,0.105191
DJI_0305_JPG.rf.bc5a7a9a43385b625cbd3597e6faf015.jpg 4,0.040625,0.934167,0.081250,0.101667 4,0.105000,0.425000,0.092500,0.096667 3,0.323750,0.107500,0.335000,0.215000 3,0.190625,0.429167,0.283750,0.255000 3,0.080000,0.785833,0.160000,0.241667 3,0.025000,0.984167,0.050000,0.028333 5,0.038125,0.652500,0.076250,0.258333 5,0.143750,0.286667,0.242500,0.263333 5,0.247500,0.113333,0.227500,0.226667 5,0.269375,0.018333,0.228750,0.036667
DJI_0302_JPG.rf.c711c15a76608e5186e4e00aa772bb79.jpg 2,0.207455,0.701606,0.107410,0.143213
DJI_0270_JPG.rf.bef087482a6b330ba93bfa17eda4816a.jpg 3,0.557072,0.613728,0.189145,0.274123 3,0.197500,0.800000,0.137500,0.396667 5,0.175000,0.865833,0.215000,0.265000
DJI_0309_JPG.rf.c9586bbe8253ca72f5006676e73934ee.jpg 3,0.187612,0.577993,0.222725,0.342654
DJI_0293_JPG.rf.c01af1bda22eabbf85f568e56fbdd4e9.jpg 5,0.940000,0.122500,0.117500,0.245000 5,0.091875,0.989167,0.183750,0.018333 3,0.198750,0.944167,0.397500,0.108333 3,0.973750,0.157500,0.050000,0.315000
DJI_0322_JPG.rf.c143a01fa7e3c166ef2ff901baef9ed4.jpg 3,0.903125,0.180000,0.191250,0.360000 5,0.941875,0.049167,0.113750,0.098333 4,0.711250,0.066667,0.057500,0.133333 3,0.661875,0.089167,0.071250,0.178333
DJI_0260_JPG.rf.c41dcae9684579c24528d36581cc07ff.jpg 3,0.766875,0.958333,0.318750,0.080000 5,0.981250,0.590833,0.035000,0.231667 5,0.804375,0.940833,0.243750,0.115000
DJI_0322_JPG.rf.c3db4ca23b2b69779f079d2b2cc16f45.jpg 3,0.097500,0.935833,0.195000,0.125000 5,0.229375,0.920000,0.168750,0.156667
DJI_0305_JPG.rf.c3504642b069f07b558911e222218219.jpg 3,0.441875,0.100000,0.223750,0.200000 3,0.258125,0.389167,0.206250,0.238333 5,0.108125,0.648333,0.211250,0.240000 5,0.171250,0.428333,0.207500,0.253333 5,0.321875,0.128333,0.243750,0.256667 5,0.419375,0.055000,0.231250,0.110000
DJI_0326_JPG.rf.c71d921595b82efa8b57dfa0410a2ee4.jpg 3,0.281875,0.072500,0.263750,0.145000
DJI_0258_JPG.rf.c9d34732d58ef73927f5d98d4045d420.jpg 1,0.360625,0.094167,0.243750,0.188333
DJI_0329_JPG.rf.c889a1f6b17ee2651f884f2b7211aa10.jpg 2,0.800000,0.990000,0.172500,0.016667 2,0.748125,0.937500,0.136250,0.121667
DJI_0330_JPG.rf.ca96e9e396c68083ae5720bcf9359d80.jpg 3,0.073750,0.352500,0.147500,0.311667
DJI_0314_JPG.rf.bc508a722e627cf0cc74cfaac6dd193a.jpg 3,0.209375,0.251667,0.361250,0.503333 3,0.002500,0.054167,0.005000,0.108333 5,0.098750,0.181667,0.197500,0.286667 4,0.227202,0.241212,0.069403,0.105757 4,0.066967,0.088361,0.088934,0.130054
DJI_0298_JPG.rf.ca9a7dad532759285b2cdc19f7721abb.jpg 3,0.961875,0.179167,0.073750,0.358333 5,0.990000,0.104167,0.017500,0.208333
DJI_0304_JPG.rf.be8c9a024d87b4ac88ae0a0627e883f3.jpg 5,0.055000,0.127500,0.110000,0.255000 3,0.336250,0.042500,0.115000,0.085000 3,0.631250,0.622500,0.185000,0.305000 3,0.397500,0.808333,0.172500,0.306667 3,0.165000,0.913333,0.170000,0.170000 4,0.556250,0.605000,0.092500,0.120000 5,0.026875,0.956667,0.053750,0.083333 5,0.087500,0.895833,0.175000,0.205000 5,0.202500,0.849167,0.207500,0.298333 5,0.322500,0.786667,0.180000,0.276667 5,0.436875,0.669167,0.208750,0.311667 5,0.679375,0.508333,0.198750,0.306667 5,0.433125,0.045000,0.163750,0.090000
DJI_0308_JPG.rf.cbc4a6418ec3ca02b20b5e20d1cea2d3.jpg 3,0.238750,0.949167,0.477500,0.098333 5,0.166875,0.919167,0.246250,0.158333 5,0.078125,0.985000,0.156250,0.026667
DJI_0322_JPG.rf.cc730ebb1023285b289a5e9637190d9a.jpg 2,0.050625,0.650833,0.101250,0.248333
DJI_0278_JPG.rf.cb2ccbd45bf913ea3045c1be1811dfea.jpg 3,0.064375,0.192500,0.128750,0.385000 5,0.071250,0.085000,0.142500,0.170000
DJI_0276_JPG.rf.cf87bea01577f64472358c58f196dc44.jpg 5,0.878125,0.754167,0.233750,0.185000 5,0.845625,0.564167,0.251250,0.185000 3,0.855000,0.673333,0.287500,0.160000 3,0.868125,0.905000,0.261250,0.186667
DJI_0331_JPG.rf.d3a3aabcf4dcfee68b4aac022c042597.jpg 3,0.837411,0.672691,0.299822,0.558716 3,0.453125,0.817500,0.341250,0.361667 5,0.844402,0.468475,0.211303,0.323617
DJI_0297_JPG.rf.d2cf2d868afb89a3c7d6143c6b24995b.jpg 1,0.891875,0.741667,0.081250,0.273333
DJI_0308_JPG.rf.d59eaff47b66ba5aae00f3d0adcd0d3a.jpg 3,0.238750,0.195000,0.477500,0.390000 3,0.183750,0.251667,0.367500,0.396667 5,0.166875,0.052500,0.246250,0.105000 5,0.078125,0.119167,0.156250,0.238333
DJI_0264_JPG.rf.d0f3252934d1b80104e664771231034e.jpg 3,0.058125,0.315833,0.116250,0.485000 3,0.413125,0.777500,0.351250,0.441667 5,0.485099,0.816732,0.172697,0.323465 5,0.039375,0.271667,0.078750,0.430000
DJI_0315_JPG.rf.d6bd985f14738d78261e08efb0ef88ad.jpg 1,0.877500,0.200000,0.242500,0.350000
DJI_0273_JPG.rf.d630649e00eda0149b77ae5248acd893.jpg 3,0.085625,0.777500,0.171250,0.418333 3,0.756058,0.608835,0.044616,0.271003 5,0.834775,0.657814,0.117049,0.328961 4,0.706037,0.647453,0.049574,0.161574
DJI_0273_JPG.rf.dab313e7220ff98b242968d0875441b9.jpg 3,0.937500,0.423333,0.122500,0.116667
DJI_0309_JPG.rf.d9fc995010883dad1f8a6887c38e8101.jpg 3,0.205625,0.530833,0.411250,0.615000 3,0.852500,0.716667,0.292500,0.463333 5,0.877500,0.544167,0.242500,0.248333 5,0.779338,0.686427,0.223677,0.272854 4,0.586125,0.661041,0.087250,0.145416
DJI_0260_JPG.rf.d96e4fa73edbce6fcfae2efa29bc0a30.jpg 3,0.210318,0.545594,0.333135,0.404522 5,0.405000,0.040833,0.227500,0.081667 5,0.106250,0.590833,0.212500,0.231667 4,0.191167,0.434776,0.077335,0.129553
DJI_0322_JPG.rf.d63b1a073cf3eb9ae7c05024df129231.jpg 3,0.097500,0.371667,0.195000,0.743333 5,0.229375,0.140833,0.168750,0.281667 4,0.071905,0.193227,0.078810,0.196455
DJI_0275_JPG.rf.d9ee03c74a8889e6511f3fe92eae5bbf.jpg 5,0.652500,0.012500,0.095000,0.025000 3,0.592500,0.052500,0.057500,0.105000 3,0.712500,0.026667,0.057500,0.053333
DJI_0273_JPG.rf.d979120c433eacf1bc8e53fcbfcf6f4b.jpg 3,0.515624,0.688907,0.098748,0.397814 3,0.014375,0.695000,0.028750,0.380000 5,0.627696,0.688556,0.140393,0.320444 5,0.753946,0.657050,0.140393,0.314099
DJI_0301_JPG.rf.dd3dcdf4c2bccf9825d8e713f733c0e2.jpg 2,0.875625,0.006667,0.168750,0.013333 2,0.644375,0.785000,0.168750,0.130000
DJI_0326_JPG.rf.e14aaa6adc9936d81be25204e534fc20.jpg 5,0.208125,0.725000,0.136250,0.113333 3,0.281875,0.735000,0.263750,0.526667 5,0.358750,0.690000,0.180000,0.383333
DJI_0293_JPG.rf.d81a3c3293f629acc2936745dd2756b0.jpg 5,0.377500,0.000833,0.100000,0.001667 5,0.037500,0.122500,0.075000,0.245000 3,0.081875,0.157500,0.163750,0.315000 3,0.318750,0.063333,0.172500,0.126667
DJI_0330_JPG.rf.d65e32366b0463fd99147383f85bb2de.jpg 5,0.725000,0.055000,0.060000,0.110000 5,0.666875,0.051667,0.058750,0.103333 5,0.479375,0.054167,0.246250,0.108333 3,0.781875,0.352500,0.433750,0.311667 3,0.550000,0.116667,0.502500,0.233333
DJI_0271_JPG.rf.d9a06aec80ca729c7a160ec3669ef333.jpg 3,0.655543,0.469561,0.168586,0.482456 3,0.946875,0.296667,0.103750,0.226667 5,0.583816,0.571623,0.115132,0.339912
DJI_0276_JPG.rf.d73d5a2d8db5c482f170e2202a3fba8f.jpg 5,0.875625,0.996667,0.228750,0.003333 5,0.846875,0.911667,0.233750,0.173333 3,0.868125,0.078333,0.261250,0.156667 3,0.862500,0.811667,0.272500,0.130000 3,0.823750,0.979167,0.217500,0.038333
DJI_0260_JPG.rf.e484773a22dcbf8d7a795935c004e1f7.jpg 3,0.766875,0.160000,0.318750,0.320000 3,0.316250,0.894167,0.405000,0.208333 5,0.804375,0.064167,0.243750,0.128333 5,0.313750,0.917500,0.227500,0.161667
DJI_0291_JPG.rf.e25f70be726bae95b28bae3d214ebcdf.jpg 3,0.954375,0.070000,0.088750,0.140000
DJI_0270_JPG.rf.e34130047510b6777acab8a79d1546e1.jpg 3,0.145000,0.813333,0.220000,0.370000 5,0.024375,0.839167,0.048750,0.318333 5,0.231250,0.845833,0.115000,0.305000
DJI_0311_JPG.rf.e36fd60fd14cdcac711e20f6a26c9248.jpg 3,0.836875,0.709167,0.308750,0.578333 5,0.676025,0.723937,0.157050,0.371208 5,0.801250,0.812500,0.175000,0.371667 4,0.789303,0.547596,0.113606,0.128524 4,0.923258,0.653142,0.109016,0.116284 4,0.971875,0.812500,0.053750,0.135000 4,0.953125,0.876667,0.091250,0.150000
DJI_0294_JPG.rf.e7f49f27980d517fb4e02a1e15f27877.jpg 3,0.596250,0.915000,0.110000,0.166667 5,0.495000,0.847500,0.172500,0.301667
DJI_0313_JPG.rf.dcce1450757986aa55e510db7aafd1df.jpg 3,0.925000,0.627500,0.050000,0.255000 3,0.758125,0.699167,0.123750,0.348333 3,0.295000,0.630833,0.452500,0.501667 3,0.028125,0.691667,0.056250,0.283333 4,0.013750,0.749167,0.027500,0.148333 4,0.970000,0.642500,0.040000,0.125000 5,0.876250,0.730833,0.122500,0.331667 5,0.238750,0.760000,0.160000,0.333333 5,0.080000,0.707500,0.142500,0.308333
DJI_0322_JPG.rf.df0d40e3c85aa8034f116f83142b4903.jpg 3,0.903125,0.835833,0.191250,0.325000 5,0.941875,0.823333,0.113750,0.350000 4,0.711250,0.993333,0.057500,0.010000 3,0.661875,0.989167,0.071250,0.018333
DJI_0306_JPG.rf.e57f99cc158e9fc810305a5ae3163a20.jpg 5,0.495461,0.309408,0.180921,0.422149 3,0.359941,0.300222,0.199881,0.320444
DJI_0308_JPG.rf.dddd2058b514aa201e2a650b08728b36.jpg 3,0.982500,0.195000,0.032500,0.390000 3,0.938750,0.251667,0.120000,0.396667 5,0.963750,0.119167,0.070000,0.238333 3,0.467500,0.117500,0.425000,0.235000 4,0.842711,0.097812,0.090422,0.152290
DJI_0306_JPG.rf.e455f2e89beee9a8ffb3e4ff32333ccf.jpg 3,0.340059,0.737648,0.180118,0.288629
DJI_0276_JPG.rf.e289dcc21e0b8e44972b1f8f9c0c4d71.jpg 5,0.213125,0.376667,0.226250,0.326667 3,0.138125,0.318333,0.158750,0.300000
DJI_0325_JPG.rf.e5e0e854216e3aa6b01a85fa4ec5d94e.jpg 3,0.068125,0.852500,0.136250,0.248333 3,0.919375,0.072500,0.158750,0.145000 5,0.204375,0.847500,0.256250,0.295000
DJI_0273_JPG.rf.e6fa5b56b9524692bfcd0d840e89c682.jpg 3,0.900625,0.270000,0.196250,0.500000 5,0.955000,0.252500,0.087500,0.328333
DJI_0302_JPG.rf.de02eac2766b85ebac791339e710f051.jpg 3,0.114375,0.928333,0.228750,0.140000 3,0.306250,0.744167,0.297500,0.508333 3,0.509918,0.573158,0.324836,0.526316
DJI_0269_JPG.rf.e946fb8b673c718996240c0f6b2a4326.jpg 3,0.542516,0.406776,0.185033,0.400219 5,0.670905,0.398772,0.176809,0.350877 5,0.995625,0.360000,0.006250,0.396667
DJI_0261_JPG.rf.ddb00d1d9ac1edf4b47cc675f7189019.jpg 3,0.608454,0.650526,0.231908,0.421053 5,0.640033,0.522982,0.182566,0.302632
DJI_0318_JPG.rf.e696debbe9d998975abe0d18f7e0aa53.jpg 5,0.196875,0.220833,0.251250,0.211667
DJI_0285_JPG.rf.ea1ce7038f0587c27862cddf54733d57.jpg 3,0.653125,0.988333,0.261250,0.020000 3,0.418125,0.706667,0.248750,0.313333 5,0.587500,0.964167,0.245000,0.068333 5,0.351875,0.640833,0.246250,0.301667
DJI_0328_JPG.rf.ebfe92b0c419fc4a30df419734c3a82b.jpg 3,0.901250,0.759167,0.110000,0.478333 5,0.852624,0.648941,0.182749,0.357883 5,0.972500,0.763333,0.052500,0.383333
DJI_0331_JPG.rf.e82cdab8207f8ce0f00b001ef1c63b0e.jpg 3,0.976250,0.655000,0.045000,0.553333 3,0.480000,0.787500,0.237500,0.421667 5,0.546316,0.668904,0.177632,0.414474
DJI_0330_JPG.rf.bcec1876e08ef5d70de11004417de324.jpg 1,0.131875,0.560833,0.196250,0.165000
DJI_0274_JPG.rf.ec571b35212791e18393f2c3c46b9a89.jpg 3,0.952500,0.328333,0.092500,0.090000
DJI_0327_JPG.rf.ef895d86f3cd92a3f34095dc5a46627b.jpg 5,0.040625,0.907500,0.081250,0.181667
DJI_0304_JPG.rf.e9c0344cf1ee6ca3d7803b06971d9707.jpg 3,0.975000,0.100000,0.047500,0.200000 3,0.893125,0.295000,0.168750,0.270000 3,0.599375,0.555833,0.316250,0.415000 3,0.402500,0.918333,0.157500,0.160000 4,0.566875,0.592500,0.073750,0.088333 4,0.688125,0.475000,0.088750,0.100000 4,0.651250,0.420833,0.097500,0.095000 4,0.838125,0.296667,0.071250,0.120000 5,0.233125,0.977500,0.206250,0.041667 5,0.318125,0.915000,0.188750,0.166667 5,0.399375,0.825833,0.206250,0.295000 5,0.896250,0.155000,0.192500,0.296667 5,0.925000,0.073333,0.147500,0.146667 5,0.979375,0.008333,0.038750,0.016667
DJI_0270_JPG.rf.e9be06476f289db4dc6c388609947e83.jpg 3,0.523750,0.843333,0.195000,0.310000 5,0.616250,0.857500,0.105000,0.281667 5,0.970000,0.839167,0.057500,0.318333 4,0.512500,0.938333,0.072500,0.120000
DJI_0271_JPG.rf.ecaf906f61d849fe841886815983efa9.jpg 3,0.609693,0.494613,0.191886,0.502558 3,0.053586,0.550779,0.107171,0.424890 5,0.093207,0.510877,0.143914,0.285088 5,0.460954,0.482588,0.106908,0.361842 5,0.709819,0.449956,0.152138,0.339912
DJI_0273_JPG.rf.ee30dc27fab878839e66fae95877169f.jpg 3,0.873125,0.695000,0.251250,0.380000 3,0.642172,0.705765,0.119344,0.374863 5,0.724102,0.658981,0.150704,0.314628 5,0.579619,0.695246,0.146738,0.330491
DJI_0304_JPG.rf.e99e2bb01288c0e08923ad00bde6a32d.jpg 3,0.086250,0.100000,0.172500,0.200000 5,0.035000,0.073333,0.070000,0.146667 5,0.083125,0.008333,0.166250,0.016667
DJI_0323_JPG.rf.ee555c1be582a4b6ed6cf9b3a23d6014.jpg 3,0.966875,0.865833,0.063750,0.265000 5,0.909375,0.809167,0.113750,0.295000
DJI_0329_JPG.rf.e3ef4229e896f93e17b8798cb5e3c877.jpg 5,0.428125,0.302500,0.106250,0.138333 5,0.298750,0.441667,0.092500,0.280000
DJI_0291_JPG.rf.efee4cc2a5ded7ad9eabebb3848a04bb.jpg 3,0.061250,0.556667,0.122500,0.196667 5,0.010625,0.517500,0.021250,0.245000
DJI_0305_JPG.rf.f927de457bd6987fb355520da96c5351.jpg 3,0.888125,0.977500,0.221250,0.041667 3,0.910000,0.705000,0.177500,0.170000 3,0.941250,0.370000,0.115000,0.156667 3,0.965000,0.042500,0.067500,0.085000 5,0.990000,0.131667,0.017500,0.196667 5,0.997500,0.313333,0.002500,0.206667 5,0.986875,0.490833,0.023750,0.191667 5,0.981875,0.667500,0.033750,0.205000 5,0.960625,0.838333,0.076250,0.206667 5,0.942500,0.947500,0.112500,0.101667
DJI_0293_JPG.rf.f352c66d23f640cea57fe89f0aa6c8c1.jpg 5,0.386250,0.120000,0.175000,0.240000 3,0.470000,0.165000,0.085000,0.263333
DJI_0318_JPG.rf.fe99514dd77b05a3860240a404e46e95.jpg 3,0.958125,0.979167,0.081250,0.038333 5,0.928125,0.970833,0.141250,0.055000
DJI_0318_JPG.rf.ef0d3e62002e9bcd6b041f7f9d34823c.jpg 3,0.271875,0.504167,0.391250,0.255000 5,0.205000,0.518333,0.245000,0.150000
DJI_0314_JPG.rf.f946db1435638de7b917aa4eb28f031a.jpg 1,0.890625,0.146667,0.216250,0.246667
DJI_0294_JPG.rf.f7b432679f4e0a42af4b05fde3f29c0a.jpg 3,0.118111,0.342755,0.148721,0.522176 3,0.305549,0.369226,0.066098,0.438452 5,0.242705,0.305956,0.135410,0.351912 5,0.367052,0.290448,0.104105,0.154229
DJI_0304_JPG.rf.f97d3b52cd1a9153207a1ce530292025.jpg 3,0.038125,0.582500,0.076250,0.445000 3,0.264375,0.402500,0.156250,0.431667 3,0.515000,0.289167,0.115000,0.335000 3,0.795000,0.181667,0.102500,0.356667 5,0.976250,0.127500,0.045000,0.255000 5,0.927500,0.956667,0.142500,0.083333 5,0.983750,0.895833,0.030000,0.205000 5,0.887500,0.214167,0.142500,0.318333 5,0.615000,0.355833,0.167500,0.335000 5,0.473750,0.392500,0.165000,0.315000 5,0.361250,0.446667,0.170000,0.316667 5,0.228750,0.492500,0.157500,0.315000 5,0.083750,0.610833,0.162500,0.311667 5,0.016250,0.650833,0.032500,0.308333
DJI_0283_JPG.rf.f168944b2ce00837e65a217fd5d779b0.jpg 3,0.945625,0.667500,0.106250,0.188333 3,0.879375,0.392500,0.238750,0.275000 5,0.910625,0.211667,0.176250,0.243333 4,0.941875,0.729167,0.113750,0.108333 4,0.963750,0.605000,0.070000,0.076667
DJI_0329_JPG.rf.fcbc9821316ade3d3bb9c12332aa5906.jpg 3,0.578125,0.198333,0.431250,0.396667 5,0.593125,0.057500,0.221250,0.115000
DJI_0309_JPG.rf.ff396b745fb670850426e9350cd57139.jpg 4,0.407897,0.384261,0.198295,0.171856 1,0.696557,0.819318,0.103113,0.158636 3,0.713355,0.655789,0.419211,0.511579 5,0.688667,0.563254,0.279834,0.266508
DJI_0273_JPG.rf.f893334fcbef02e430335482074729d1.jpg 3,0.551172,0.490486,0.147344,0.317639 5,0.427350,0.461889,0.104700,0.320444
DJI_0278_JPG.rf.f0e807e86957fa1ba02d4454da2da585.jpg 1,0.077500,0.867500,0.155000,0.168333
DJI_0261_JPG.rf.f551cdb654d7baa0dd433fc179d5c196.jpg 3,0.697566,0.384342,0.177632,0.348684 3,0.323125,0.951667,0.201250,0.093333 5,0.628388,0.532939,0.241776,0.309211 5,0.346250,0.888333,0.272500,0.220000 4,0.735160,0.347346,0.062820,0.118025
DJI_0331_JPG.rf.f883a7944c15b7c7e207d70f87e43e37.jpg 3,0.940000,0.115833,0.120000,0.231667 3,0.133750,0.655000,0.267500,0.553333 5,0.187105,0.444605,0.246711,0.309211 5,0.928750,0.139167,0.142500,0.278333
DJI_0293_JPG.rf.ffff63681e44e69b1f6b98ea757d202f.jpg 5,0.091875,0.128333,0.183750,0.256667 5,0.016875,0.386667,0.033750,0.270000 3,0.198750,0.198333,0.397500,0.396667
