0 0.6811923125 0.6027480684133916 0.11969099999999999 0.47769799999999996
0 0.0534173125 0.3439543668122271 0.057915 0.263309
0 0.1326356875 0.3828863871906842 0.06949799999999999 0.279137
0 0.2242663125 0.3389505997088792 0.05695 0.143885
0 0.3456841875 0.26075047743813684 0.02220099999999997 0.056114999999999964
0 0.3736425 0.2506784774381368 0.01737500000000003 0.056115000000000005
0 0.4161471875 0.23488468558951967 0.02220099999999997 0.061870000000000015
0 0.4307166875 0.397608518195051 0.03764500000000004 0.08633100000000003
0 0.454791875 0.22481268558951964 0.02799199999999996 0.06330899999999999
0 0.4972965625 0.2075964978165939 0.03474900000000003 0.07050299999999997
0 0.537893375 0.4286285138282388 0.04440199999999994 0.22446
0 0.54646775 0.18885828966521107 0.024131000000000014 0.064748
0 0.5474221875 0.3759581018922853 0.02316599999999991 0.07338199999999999
0 0.6774439375 0.1287447671033479 0.13996200000000003 0.120863
0 0.63536125 0.41669841193595336 0.03957500000000003 0.152518
0 0.687507375 0.395015787481805 0.04440199999999994 0.135251
0 0.7386885 0.4286285138282388 0.048263000000000056 0.22589899999999996
0 0.779139 0.4340992445414847 0.032818000000000014 0.176978
0 0.8593560625 0.08537751819505095 0.04922800000000005 0.084893
0 0.855393 0.5038148529839884 0.03281900000000004 0.038848999999999974
0 0.89335475 0.3773658442503639 0.08687299999999998 0.319425
0 0.9452861875 0.055228934497816594 0.054053999999999935 0.097842
