0 0.049765625 0.7678023133235724 0.083125 0.144465
0 0.0880078125 0.9786956749633968 0.041874999999999996 0.03939999999999988
0 0.128671875 0.7247645710102488 0.08999999999999998 0.1500940000000001
0 0.292890625 0.38884125183016105 0.05124999999999996 0.099437
0 0.3113671875 0.6418967364568082 0.05375000000000002 0.08536600000000001
0 0.3690234375 0.33596647877013175 0.060624999999999984 0.08067599999999996
0 0.442734375 0.34159547877013174 0.07437499999999997 0.08067499999999998
0 0.4630859375 0.4939072518301611 0.10749999999999998 0.09849899999999989
0 0.4340625 0.6473596017569546 0.04874999999999996 0.17354600000000003
0 0.4389453125 0.4000550922401171 0.057499999999999996 0.07129399999999997
0 0.4462109375 0.9285129267935579 0.04624999999999996 0.13696099999999997
0 0.46609375 0.8908756691068814 0.024375000000000036 0.13133200000000014
0 0.5142578125 0.5735569326500731 0.04125000000000001 0.044090000000000094
0 0.521015625 0.35177428257686677 0.05249999999999999 0.12195100000000003
0 0.5376953125 0.4905671229868228 0.057499999999999996 0.09474699999999998
0 0.556484375 0.8179773440702782 0.07562499999999994 0.16697899999999996
0 0.552578125 0.5754329326500733 0.03562500000000002 0.04596599999999996
0 0.5923046875 0.3484159326500732 0.06937499999999996 0.04408999999999997
0 0.6298828125 0.6473596017569546 0.04249999999999998 0.17354600000000003
0 0.67015625 0.40453479795021957 0.07062499999999994 0.13227000000000003
0 0.676953125 0.3206157057101025 0.03687499999999999 0.06378999999999999
0 0.6941015625 0.5802995710102489 0.034375000000000044 0.151969
0 0.71859375 0.3886137364568082 0.024374999999999925 0.08630399999999994
0 0.726953125 0.5485265461200586 0.03562500000000002 0.03658499999999998
0 0.82 0.6243713499267937 0.0318750000000001 0.07879899999999995
0 0.8834375 0.9665448345534408 0.015625 0.06472799999999992
