im215.png 1,0.510417,0.510417,0.979167,0.979167
im201.png 1,0.510417,0.510417,0.979167,0.979167
im229.png 1,0.510417,0.510417,0.979167,0.979167
im407.png 1,0.510417,0.510417,0.979167,0.979167
im361.png 1,0.510417,0.510417,0.979167,0.979167
im87.png 1,0.510417,0.510417,0.979167,0.979167
im93.png 1,0.510417,0.510417,0.979167,0.979167
im375.png 1,0.510417,0.510417,0.979167,0.979167
im413.png 1,0.510417,0.510417,0.979167,0.979167
im349.png 1,0.510417,0.510417,0.979167,0.979167
im44.png 1,0.510417,0.510417,0.979167,0.979167
im50.png 1,0.510417,0.510417,0.979167,0.979167
im78.png 1,0.510417,0.510417,0.979167,0.979167
im163.png 1,0.510417,0.510417,0.979167,0.979167
im177.png 1,0.510417,0.510417,0.979167,0.979167
im188.png 1,0.510417,0.510417,0.979167,0.979167
im189.png 1,0.510417,0.510417,0.979167,0.979167
im176.png 1,0.510417,0.510417,0.979167,0.979167
im162.png 1,0.510417,0.510417,0.979167,0.979167
im79.png 1,0.510417,0.510417,0.979167,0.979167
im51.png 1,0.510417,0.510417,0.979167,0.979167
im45.png 1,0.510417,0.510417,0.979167,0.979167
im348.png 1,0.510417,0.510417,0.979167,0.979167
im374.png 1,0.510417,0.510417,0.979167,0.979167
im92.png 1,0.510417,0.510417,0.979167,0.979167
im412.png 1,0.510417,0.510417,0.979167,0.979167
im406.png 1,0.510417,0.510417,0.979167,0.979167
im86.png 1,0.510417,0.510417,0.979167,0.979167
im360.png 1,0.510417,0.510417,0.979167,0.979167
im228.png 1,0.510417,0.510417,0.979167,0.979167
im200.png 1,0.510417,0.510417,0.979167,0.979167
im214.png 1,0.510417,0.510417,0.979167,0.979167
im202.png 1,0.510417,0.510417,0.979167,0.979167
im216.png 1,0.510417,0.510417,0.979167,0.979167
im410.png 1,0.510417,0.510417,0.979167,0.979167
im90.png 1,0.510417,0.510417,0.979167,0.979167
im376.png 1,0.510417,0.510417,0.979167,0.979167
im362.png 1,0.510417,0.510417,0.979167,0.979167
im84.png 1,0.510417,0.510417,0.979167,0.979167
im404.png 1,0.510417,0.510417,0.979167,0.979167
im53.png 1,0.510417,0.510417,0.979167,0.979167
im47.png 1,0.510417,0.510417,0.979167,0.979167
im389.png 1,0.510417,0.510417,0.979167,0.979167
im174.png 1,0.510417,0.510417,0.979167,0.979167
im160.png 1,0.510417,0.510417,0.979167,0.979167
im148.png 1,0.510417,0.510417,0.979167,0.979167
im149.png 1,0.510417,0.510417,0.979167,0.979167
im161.png 1,0.510417,0.510417,0.979167,0.979167
im175.png 1,0.510417,0.510417,0.979167,0.979167
im388.png 1,0.510417,0.510417,0.979167,0.979167
im46.png 1,0.510417,0.510417,0.979167,0.979167
im52.png 1,0.510417,0.510417,0.979167,0.979167
im85.png 1,0.510417,0.510417,0.979167,0.979167
im363.png 1,0.510417,0.510417,0.979167,0.979167
im405.png 1,0.510417,0.510417,0.979167,0.979167
im411.png 1,0.510417,0.510417,0.979167,0.979167
im377.png 1,0.510417,0.510417,0.979167,0.979167
im91.png 1,0.510417,0.510417,0.979167,0.979167
im217.png 1,0.510417,0.510417,0.979167,0.979167
im203.png 1,0.510417,0.510417,0.979167,0.979167
im207.png 1,0.510417,0.510417,0.979167,0.979167
im213.png 1,0.510417,0.510417,0.979167,0.979167
im429.png 1,0.510417,0.510417,0.979167,0.979167
im95.png 1,0.510417,0.510417,0.979167,0.979167
im373.png 1,0.510417,0.510417,0.979167,0.979167
im415.png 1,0.510417,0.510417,0.979167,0.979167
im401.png 1,0.510417,0.510417,0.979167,0.979167
im367.png 1,0.510417,0.510417,0.979167,0.979167
im81.png 1,0.510417,0.510417,0.979167,0.979167
im398.png 1,0.510417,0.510417,0.979167,0.979167
im56.png 1,0.510417,0.510417,0.979167,0.979167
im42.png 1,0.510417,0.510417,0.979167,0.979167
im159.png 1,0.510417,0.510417,0.979167,0.979167
im171.png 1,0.510417,0.510417,0.979167,0.979167
im165.png 1,0.510417,0.510417,0.979167,0.979167
im164.png 1,0.510417,0.510417,0.979167,0.979167
im170.png 1,0.510417,0.510417,0.979167,0.979167
im158.png 1,0.510417,0.510417,0.979167,0.979167
im43.png 1,0.510417,0.510417,0.979167,0.979167
im57.png 1,0.510417,0.510417,0.979167,0.979167
im399.png 1,0.510417,0.510417,0.979167,0.979167
im400.png 1,0.510417,0.510417,0.979167,0.979167
im80.png 1,0.510417,0.510417,0.979167,0.979167
im366.png 1,0.510417,0.510417,0.979167,0.979167
im372.png 1,0.510417,0.510417,0.979167,0.979167
im94.png 1,0.510417,0.510417,0.979167,0.979167
im414.png 1,0.510417,0.510417,0.979167,0.979167
im428.png 1,0.510417,0.510417,0.979167,0.979167
im212.png 1,0.510417,0.510417,0.979167,0.979167
im206.png 1,0.510417,0.510417,0.979167,0.979167
im238.png 1,0.510417,0.510417,0.979167,0.979167
im210.png 1,0.510417,0.510417,0.979167,0.979167
im204.png 1,0.510417,0.510417,0.979167,0.979167
im358.png 1,0.510417,0.510417,0.979167,0.979167
im364.png 1,0.510417,0.510417,0.979167,0.979167
im82.png 1,0.510417,0.510417,0.979167,0.979167
im402.png 1,0.510417,0.510417,0.979167,0.979167
im416.png 1,0.510417,0.510417,0.979167,0.979167
im96.png 1,0.510417,0.510417,0.979167,0.979167
im370.png 1,0.510417,0.510417,0.979167,0.979167
im69.png 1,0.510417,0.510417,0.979167,0.979167
im41.png 1,0.510417,0.510417,0.979167,0.979167
im55.png 1,0.510417,0.510417,0.979167,0.979167
im166.png 1,0.510417,0.510417,0.979167,0.979167
im172.png 1,0.510417,0.510417,0.979167,0.979167
im199.png 1,0.510417,0.510417,0.979167,0.979167
im198.png 1,0.510417,0.510417,0.979167,0.979167
im173.png 1,0.510417,0.510417,0.979167,0.979167
im167.png 1,0.510417,0.510417,0.979167,0.979167
im54.png 1,0.510417,0.510417,0.979167,0.979167
im40.png 1,0.510417,0.510417,0.979167,0.979167
im68.png 1,0.510417,0.510417,0.979167,0.979167
im417.png 1,0.510417,0.510417,0.979167,0.979167
im371.png 1,0.510417,0.510417,0.979167,0.979167
im97.png 1,0.510417,0.510417,0.979167,0.979167
im83.png 1,0.510417,0.510417,0.979167,0.979167
im365.png 1,0.510417,0.510417,0.979167,0.979167
im403.png 1,0.510417,0.510417,0.979167,0.979167
im359.png 1,0.510417,0.510417,0.979167,0.979167
im205.png 1,0.510417,0.510417,0.979167,0.979167
im211.png 1,0.510417,0.510417,0.979167,0.979167
im239.png 1,0.510417,0.510417,0.979167,0.979167
im276.png 1,0.510417,0.510417,0.979167,0.979167
im262.png 1,0.510417,0.510417,0.979167,0.979167
im289.png 1,0.510417,0.510417,0.979167,0.979167
im302.png 1,0.510417,0.510417,0.979167,0.979167
im316.png 1,0.510417,0.510417,0.979167,0.979167
im27.png 1,0.510417,0.510417,0.979167,0.979167
im33.png 1,0.510417,0.510417,0.979167,0.979167
im7.png 1,0.510417,0.510417,0.979167,0.979167
im100.png 1,0.510417,0.510417,0.979167,0.979167
im114.png 1,0.510417,0.510417,0.979167,0.979167
im128.png 1,0.510417,0.510417,0.979167,0.979167
im129.png 1,0.510417,0.510417,0.979167,0.979167
im115.png 1,0.510417,0.510417,0.979167,0.979167
im101.png 1,0.510417,0.510417,0.979167,0.979167
im6.png 1,0.510417,0.510417,0.979167,0.979167
im32.png 1,0.510417,0.510417,0.979167,0.979167
im26.png 1,0.510417,0.510417,0.979167,0.979167
im317.png 1,0.510417,0.510417,0.979167,0.979167
im303.png 1,0.510417,0.510417,0.979167,0.979167
im288.png 1,0.510417,0.510417,0.979167,0.979167
im263.png 1,0.510417,0.510417,0.979167,0.979167
im277.png 1,0.510417,0.510417,0.979167,0.979167
im261.png 1,0.510417,0.510417,0.979167,0.979167
im275.png 1,0.510417,0.510417,0.979167,0.979167
im249.png 1,0.510417,0.510417,0.979167,0.979167
im315.png 1,0.510417,0.510417,0.979167,0.979167
im301.png 1,0.510417,0.510417,0.979167,0.979167
im329.png 1,0.510417,0.510417,0.979167,0.979167
im30.png 1,0.510417,0.510417,0.979167,0.979167
im4.png 1,0.510417,0.510417,0.979167,0.979167
im24.png 1,0.510417,0.510417,0.979167,0.979167
im18.png 1,0.510417,0.510417,0.979167,0.979167
im117.png 1,0.510417,0.510417,0.979167,0.979167
im103.png 1,0.510417,0.510417,0.979167,0.979167
im102.png 1,0.510417,0.510417,0.979167,0.979167
im116.png 1,0.510417,0.510417,0.979167,0.979167
im19.png 1,0.510417,0.510417,0.979167,0.979167
im25.png 1,0.510417,0.510417,0.979167,0.979167
im5.png 1,0.510417,0.510417,0.979167,0.979167
im31.png 1,0.510417,0.510417,0.979167,0.979167
im328.png 1,0.510417,0.510417,0.979167,0.979167
im300.png 1,0.510417,0.510417,0.979167,0.979167
im314.png 1,0.510417,0.510417,0.979167,0.979167
im248.png 1,0.510417,0.510417,0.979167,0.979167
im274.png 1,0.510417,0.510417,0.979167,0.979167
im260.png 1,0.510417,0.510417,0.979167,0.979167
im258.png 1,0.510417,0.510417,0.979167,0.979167
im264.png 1,0.510417,0.510417,0.979167,0.979167
im270.png 1,0.510417,0.510417,0.979167,0.979167
im338.png 1,0.510417,0.510417,0.979167,0.979167
im310.png 1,0.510417,0.510417,0.979167,0.979167
im304.png 1,0.510417,0.510417,0.979167,0.979167
im35.png 1,0.510417,0.510417,0.979167,0.979167
im1.png 1,0.510417,0.510417,0.979167,0.979167
im21.png 1,0.510417,0.510417,0.979167,0.979167
im112.png 1,0.510417,0.510417,0.979167,0.979167
im106.png 1,0.510417,0.510417,0.979167,0.979167
im107.png 1,0.510417,0.510417,0.979167,0.979167
im113.png 1,0.510417,0.510417,0.979167,0.979167
im20.png 1,0.510417,0.510417,0.979167,0.979167
im0.png 1,0.510417,0.510417,0.979167,0.979167
im34.png 1,0.510417,0.510417,0.979167,0.979167
im305.png 1,0.510417,0.510417,0.979167,0.979167
im311.png 1,0.510417,0.510417,0.979167,0.979167
im339.png 1,0.510417,0.510417,0.979167,0.979167
im271.png 1,0.510417,0.510417,0.979167,0.979167
im265.png 1,0.510417,0.510417,0.979167,0.979167
im259.png 1,0.510417,0.510417,0.979167,0.979167
im273.png 1,0.510417,0.510417,0.979167,0.979167
im267.png 1,0.510417,0.510417,0.979167,0.979167
im298.png 1,0.510417,0.510417,0.979167,0.979167
im307.png 1,0.510417,0.510417,0.979167,0.979167
im313.png 1,0.510417,0.510417,0.979167,0.979167
im22.png 1,0.510417,0.510417,0.979167,0.979167
im36.png 1,0.510417,0.510417,0.979167,0.979167
im2.png 1,0.510417,0.510417,0.979167,0.979167
im139.png 1,0.510417,0.510417,0.979167,0.979167
im105.png 1,0.510417,0.510417,0.979167,0.979167
im111.png 1,0.510417,0.510417,0.979167,0.979167
im110.png 1,0.510417,0.510417,0.979167,0.979167
im104.png 1,0.510417,0.510417,0.979167,0.979167
im138.png 1,0.510417,0.510417,0.979167,0.979167
im3.png 1,0.510417,0.510417,0.979167,0.979167
im37.png 1,0.510417,0.510417,0.979167,0.979167
im23.png 1,0.510417,0.510417,0.979167,0.979167
im312.png 1,0.510417,0.510417,0.979167,0.979167
im306.png 1,0.510417,0.510417,0.979167,0.979167
im299.png 1,0.510417,0.510417,0.979167,0.979167
im266.png 1,0.510417,0.510417,0.979167,0.979167
im272.png 1,0.510417,0.510417,0.979167,0.979167
im257.png 1,0.510417,0.510417,0.979167,0.979167
im243.png 1,0.510417,0.510417,0.979167,0.979167
im294.png 1,0.510417,0.510417,0.979167,0.979167
im280.png 1,0.510417,0.510417,0.979167,0.979167
im323.png 1,0.510417,0.510417,0.979167,0.979167
im337.png 1,0.510417,0.510417,0.979167,0.979167
im12.png 1,0.510417,0.510417,0.979167,0.979167
im121.png 1,0.510417,0.510417,0.979167,0.979167
im135.png 1,0.510417,0.510417,0.979167,0.979167
im109.png 1,0.510417,0.510417,0.979167,0.979167
im108.png 1,0.510417,0.510417,0.979167,0.979167
im134.png 1,0.510417,0.510417,0.979167,0.979167
im120.png 1,0.510417,0.510417,0.979167,0.979167
im13.png 1,0.510417,0.510417,0.979167,0.979167
im336.png 1,0.510417,0.510417,0.979167,0.979167
im322.png 1,0.510417,0.510417,0.979167,0.979167
im281.png 1,0.510417,0.510417,0.979167,0.979167
im295.png 1,0.510417,0.510417,0.979167,0.979167
im242.png 1,0.510417,0.510417,0.979167,0.979167
im256.png 1,0.510417,0.510417,0.979167,0.979167
im240.png 1,0.510417,0.510417,0.979167,0.979167
im254.png 1,0.510417,0.510417,0.979167,0.979167
im268.png 1,0.510417,0.510417,0.979167,0.979167
im283.png 1,0.510417,0.510417,0.979167,0.979167
im297.png 1,0.510417,0.510417,0.979167,0.979167
im334.png 1,0.510417,0.510417,0.979167,0.979167
im320.png 1,0.510417,0.510417,0.979167,0.979167
im308.png 1,0.510417,0.510417,0.979167,0.979167
im11.png 1,0.510417,0.510417,0.979167,0.979167
im39.png 1,0.510417,0.510417,0.979167,0.979167
im136.png 1,0.510417,0.510417,0.979167,0.979167
im122.png 1,0.510417,0.510417,0.979167,0.979167
im123.png 1,0.510417,0.510417,0.979167,0.979167
im137.png 1,0.510417,0.510417,0.979167,0.979167
im38.png 1,0.510417,0.510417,0.979167,0.979167
im10.png 1,0.510417,0.510417,0.979167,0.979167
im309.png 1,0.510417,0.510417,0.979167,0.979167
im321.png 1,0.510417,0.510417,0.979167,0.979167
im335.png 1,0.510417,0.510417,0.979167,0.979167
im296.png 1,0.510417,0.510417,0.979167,0.979167
im282.png 1,0.510417,0.510417,0.979167,0.979167
im269.png 1,0.510417,0.510417,0.979167,0.979167
im255.png 1,0.510417,0.510417,0.979167,0.979167
im241.png 1,0.510417,0.510417,0.979167,0.979167
im279.png 1,0.510417,0.510417,0.979167,0.979167
im245.png 1,0.510417,0.510417,0.979167,0.979167
im251.png 1,0.510417,0.510417,0.979167,0.979167
im286.png 1,0.510417,0.510417,0.979167,0.979167
im292.png 1,0.510417,0.510417,0.979167,0.979167
im319.png 1,0.510417,0.510417,0.979167,0.979167
im331.png 1,0.510417,0.510417,0.979167,0.979167
im325.png 1,0.510417,0.510417,0.979167,0.979167
im28.png 1,0.510417,0.510417,0.979167,0.979167
im8.png 1,0.510417,0.510417,0.979167,0.979167
im14.png 1,0.510417,0.510417,0.979167,0.979167
im133.png 1,0.510417,0.510417,0.979167,0.979167
im127.png 1,0.510417,0.510417,0.979167,0.979167
im126.png 1,0.510417,0.510417,0.979167,0.979167
im132.png 1,0.510417,0.510417,0.979167,0.979167
im15.png 1,0.510417,0.510417,0.979167,0.979167
im9.png 1,0.510417,0.510417,0.979167,0.979167
im29.png 1,0.510417,0.510417,0.979167,0.979167
im324.png 1,0.510417,0.510417,0.979167,0.979167
im330.png 1,0.510417,0.510417,0.979167,0.979167
im318.png 1,0.510417,0.510417,0.979167,0.979167
im293.png 1,0.510417,0.510417,0.979167,0.979167
im287.png 1,0.510417,0.510417,0.979167,0.979167
im250.png 1,0.510417,0.510417,0.979167,0.979167
im244.png 1,0.510417,0.510417,0.979167,0.979167
im278.png 1,0.510417,0.510417,0.979167,0.979167
im252.png 1,0.510417,0.510417,0.979167,0.979167
im246.png 1,0.510417,0.510417,0.979167,0.979167
im291.png 1,0.510417,0.510417,0.979167,0.979167
im285.png 1,0.510417,0.510417,0.979167,0.979167
im326.png 1,0.510417,0.510417,0.979167,0.979167
im332.png 1,0.510417,0.510417,0.979167,0.979167
im17.png 1,0.510417,0.510417,0.979167,0.979167
im118.png 1,0.510417,0.510417,0.979167,0.979167
im124.png 1,0.510417,0.510417,0.979167,0.979167
im130.png 1,0.510417,0.510417,0.979167,0.979167
im131.png 1,0.510417,0.510417,0.979167,0.979167
im125.png 1,0.510417,0.510417,0.979167,0.979167
im119.png 1,0.510417,0.510417,0.979167,0.979167
im16.png 1,0.510417,0.510417,0.979167,0.979167
im333.png 1,0.510417,0.510417,0.979167,0.979167
im327.png 1,0.510417,0.510417,0.979167,0.979167
im284.png 1,0.510417,0.510417,0.979167,0.979167
im290.png 1,0.510417,0.510417,0.979167,0.979167
im247.png 1,0.510417,0.510417,0.979167,0.979167
im253.png 1,0.510417,0.510417,0.979167,0.979167
im234.png 1,0.510417,0.510417,0.979167,0.979167
im220.png 1,0.510417,0.510417,0.979167,0.979167
im208.png 1,0.510417,0.510417,0.979167,0.979167
im426.png 1,0.510417,0.510417,0.979167,0.979167
im340.png 1,0.510417,0.510417,0.979167,0.979167
im354.png 1,0.510417,0.510417,0.979167,0.979167
im432.png 1,0.510417,0.510417,0.979167,0.979167
im368.png 1,0.510417,0.510417,0.979167,0.979167
im383.png 1,0.510417,0.510417,0.979167,0.979167
im65.png 1,0.510417,0.510417,0.979167,0.979167
im71.png 1,0.510417,0.510417,0.979167,0.979167
im397.png 1,0.510417,0.510417,0.979167,0.979167
im59.png 1,0.510417,0.510417,0.979167,0.979167
im142.png 1,0.510417,0.510417,0.979167,0.979167
im156.png 1,0.510417,0.510417,0.979167,0.979167
im181.png 1,0.510417,0.510417,0.979167,0.979167
im195.png 1,0.510417,0.510417,0.979167,0.979167
im194.png 1,0.510417,0.510417,0.979167,0.979167
im180.png 1,0.510417,0.510417,0.979167,0.979167
im157.png 1,0.510417,0.510417,0.979167,0.979167
im143.png 1,0.510417,0.510417,0.979167,0.979167
im58.png 1,0.510417,0.510417,0.979167,0.979167
im396.png 1,0.510417,0.510417,0.979167,0.979167
im70.png 1,0.510417,0.510417,0.979167,0.979167
im64.png 1,0.510417,0.510417,0.979167,0.979167
im382.png 1,0.510417,0.510417,0.979167,0.979167
im369.png 1,0.510417,0.510417,0.979167,0.979167
im355.png 1,0.510417,0.510417,0.979167,0.979167
im433.png 1,0.510417,0.510417,0.979167,0.979167
im427.png 1,0.510417,0.510417,0.979167,0.979167
im341.png 1,0.510417,0.510417,0.979167,0.979167
im209.png 1,0.510417,0.510417,0.979167,0.979167
im221.png 1,0.510417,0.510417,0.979167,0.979167
im235.png 1,0.510417,0.510417,0.979167,0.979167
im223.png 1,0.510417,0.510417,0.979167,0.979167
im237.png 1,0.510417,0.510417,0.979167,0.979167
im431.png 1,0.510417,0.510417,0.979167,0.979167
im357.png 1,0.510417,0.510417,0.979167,0.979167
im343.png 1,0.510417,0.510417,0.979167,0.979167
im425.png 1,0.510417,0.510417,0.979167,0.979167
im99.png 1,0.510417,0.510417,0.979167,0.979167
im419.png 1,0.510417,0.510417,0.979167,0.979167
im72.png 1,0.510417,0.510417,0.979167,0.979167
im394.png 1,0.510417,0.510417,0.979167,0.979167
im380.png 1,0.510417,0.510417,0.979167,0.979167
im66.png 1,0.510417,0.510417,0.979167,0.979167
im155.png 1,0.510417,0.510417,0.979167,0.979167
im141.png 1,0.510417,0.510417,0.979167,0.979167
im169.png 1,0.510417,0.510417,0.979167,0.979167
im196.png 1,0.510417,0.510417,0.979167,0.979167
im182.png 1,0.510417,0.510417,0.979167,0.979167
im183.png 1,0.510417,0.510417,0.979167,0.979167
im197.png 1,0.510417,0.510417,0.979167,0.979167
im168.png 1,0.510417,0.510417,0.979167,0.979167
im140.png 1,0.510417,0.510417,0.979167,0.979167
im154.png 1,0.510417,0.510417,0.979167,0.979167
im67.png 1,0.510417,0.510417,0.979167,0.979167
im381.png 1,0.510417,0.510417,0.979167,0.979167
im395.png 1,0.510417,0.510417,0.979167,0.979167
im73.png 1,0.510417,0.510417,0.979167,0.979167
im98.png 1,0.510417,0.510417,0.979167,0.979167
im418.png 1,0.510417,0.510417,0.979167,0.979167
im342.png 1,0.510417,0.510417,0.979167,0.979167
im424.png 1,0.510417,0.510417,0.979167,0.979167
im430.png 1,0.510417,0.510417,0.979167,0.979167
im356.png 1,0.510417,0.510417,0.979167,0.979167
im236.png 1,0.510417,0.510417,0.979167,0.979167
im222.png 1,0.510417,0.510417,0.979167,0.979167
im226.png 1,0.510417,0.510417,0.979167,0.979167
im232.png 1,0.510417,0.510417,0.979167,0.979167
im88.png 1,0.510417,0.510417,0.979167,0.979167
im408.png 1,0.510417,0.510417,0.979167,0.979167
im352.png 1,0.510417,0.510417,0.979167,0.979167
im434.png 1,0.510417,0.510417,0.979167,0.979167
im420.png 1,0.510417,0.510417,0.979167,0.979167
im346.png 1,0.510417,0.510417,0.979167,0.979167
im77.png 1,0.510417,0.510417,0.979167,0.979167
im391.png 1,0.510417,0.510417,0.979167,0.979167
im385.png 1,0.510417,0.510417,0.979167,0.979167
im63.png 1,0.510417,0.510417,0.979167,0.979167
im178.png 1,0.510417,0.510417,0.979167,0.979167
im150.png 1,0.510417,0.510417,0.979167,0.979167
im144.png 1,0.510417,0.510417,0.979167,0.979167
im193.png 1,0.510417,0.510417,0.979167,0.979167
im187.png 1,0.510417,0.510417,0.979167,0.979167
im186.png 1,0.510417,0.510417,0.979167,0.979167
im192.png 1,0.510417,0.510417,0.979167,0.979167
im145.png 1,0.510417,0.510417,0.979167,0.979167
im151.png 1,0.510417,0.510417,0.979167,0.979167
im179.png 1,0.510417,0.510417,0.979167,0.979167
im62.png 1,0.510417,0.510417,0.979167,0.979167
im384.png 1,0.510417,0.510417,0.979167,0.979167
im390.png 1,0.510417,0.510417,0.979167,0.979167
im76.png 1,0.510417,0.510417,0.979167,0.979167
im421.png 1,0.510417,0.510417,0.979167,0.979167
im347.png 1,0.510417,0.510417,0.979167,0.979167
im353.png 1,0.510417,0.510417,0.979167,0.979167
im435.png 1,0.510417,0.510417,0.979167,0.979167
im89.png 1,0.510417,0.510417,0.979167,0.979167
im409.png 1,0.510417,0.510417,0.979167,0.979167
im233.png 1,0.510417,0.510417,0.979167,0.979167
im227.png 1,0.510417,0.510417,0.979167,0.979167
im219.png 1,0.510417,0.510417,0.979167,0.979167
im231.png 1,0.510417,0.510417,0.979167,0.979167
im225.png 1,0.510417,0.510417,0.979167,0.979167
im379.png 1,0.510417,0.510417,0.979167,0.979167
im345.png 1,0.510417,0.510417,0.979167,0.979167
im423.png 1,0.510417,0.510417,0.979167,0.979167
im351.png 1,0.510417,0.510417,0.979167,0.979167
im48.png 1,0.510417,0.510417,0.979167,0.979167
im386.png 1,0.510417,0.510417,0.979167,0.979167
im60.png 1,0.510417,0.510417,0.979167,0.979167
im74.png 1,0.510417,0.510417,0.979167,0.979167
im392.png 1,0.510417,0.510417,0.979167,0.979167
im147.png 1,0.510417,0.510417,0.979167,0.979167
im153.png 1,0.510417,0.510417,0.979167,0.979167
im184.png 1,0.510417,0.510417,0.979167,0.979167
im190.png 1,0.510417,0.510417,0.979167,0.979167
im191.png 1,0.510417,0.510417,0.979167,0.979167
im185.png 1,0.510417,0.510417,0.979167,0.979167
im152.png 1,0.510417,0.510417,0.979167,0.979167
im146.png 1,0.510417,0.510417,0.979167,0.979167
im393.png 1,0.510417,0.510417,0.979167,0.979167
im75.png 1,0.510417,0.510417,0.979167,0.979167
im61.png 1,0.510417,0.510417,0.979167,0.979167
im387.png 1,0.510417,0.510417,0.979167,0.979167
im49.png 1,0.510417,0.510417,0.979167,0.979167
im350.png 1,0.510417,0.510417,0.979167,0.979167
im344.png 1,0.510417,0.510417,0.979167,0.979167
im422.png 1,0.510417,0.510417,0.979167,0.979167
im378.png 1,0.510417,0.510417,0.979167,0.979167
im224.png 1,0.510417,0.510417,0.979167,0.979167
im230.png 1,0.510417,0.510417,0.979167,0.979167
im218.png 1,0.510417,0.510417,0.979167,0.979167